 |          h                trapezio             Simpson              Boole         |
|        0.0833333333|        0.0003708262|        0.0000209728|        0.0000040149|
|        0.0416666667|        0.0000917555|        0.0000012680|        0.0000000456|
|        0.0208333333|        0.0000228739|        0.0000000866|        0.0000000078|
|        0.0104166667|        0.0000057083|        0.0000000135|        0.0000000087|
|        0.0052083333|        0.0000014204|        0.0000000090|        0.0000000087|
|        0.0026041667|        0.0000003486|        0.0000000087|        0.0000000087|
|        0.0013020833|        0.0000000806|        0.0000000087|        0.0000000087|
|        0.0006510417|        0.0000000137|        0.0000000087|        0.0000000087|
|        0.0003255208|        0.0000000031|        0.0000000087|        0.0000000087|
|        0.0001627604|        0.0000000073|        0.0000000087|        0.0000000087|
 EXATO: 0.01561624581
