   1.0000000000000000        0.0000000000000000     
   1.0000000000000000        6.2831853071795868E-002
   1.0000000000000000        6.2831853071795868E-002
  0.99607542158371720       0.12541711760917112     
  0.99607542158371720       0.12541711760917112     
  0.98826461251617448       0.18751306192431813     
  0.98826461251617448       0.18751306192431813     
  0.97662050280944912       0.24888167680661263     
  0.97662050280944912       0.24888167680661263     
  0.96121006327342973       0.30929048132180453     
  0.96121006327342973       0.30929048132180453     
  0.94211373143317179       0.36851326891058606     
  0.94211373143317179       0.36851326891058606     
  0.91942481102360030       0.42633079457253570     
  0.91942481102360030       0.42633079457253570     
  0.89324885079436400       0.48253140448542187     
  0.89324885079436400       0.48253140448542187     
  0.86370300784740051       0.53691160988360875     
  0.86370300784740051       0.53691160988360875     
  0.83091540020019006       0.58927660740563992     
  0.83091540020019006       0.58927660740563992     
  0.79502445273023858       0.63944074842419185     
  0.79502445273023858       0.63944074842419185     
  0.75617824012095070       0.68722796009673481     
  0.75617824012095070       0.68722796009673481     
  0.71453382990411785       0.73247212102839276     
  0.71453382990411785       0.73247212102839276     
  0.67025662818665610       0.77501739452605767     
  0.67025662818665610       0.77501739452605767     
  0.62351973016450768       0.81471852245138998     
  0.62351973016450768       0.81471852245138998     
  0.57450327706903126       0.85144108265650220     
  0.57450327706903126       0.85144108265650220     
  0.52339382076389585       0.88506171291627589     
  0.52339382076389585       0.88506171291627589     
  0.47038369681563180       0.91546830416149494     
  0.47038369681563180       0.91546830416149494     
  0.41567040649993425       0.94256016567297840     
  0.41567040649993425       0.94256016567297840     
  0.35945600787923565       0.96624816472389219     
  0.35945600787923565       0.96624816472389219     
  0.30194651579510851       0.98645484296014829     
  0.30194651579510851       0.98645484296014829     
  0.24335131036146596        1.0031145115914892     
  0.24335131036146596        1.0031145115914892     
  0.18388255332075037        1.0161733272322404     
  0.18388255332075037        1.0161733272322404     
  0.12375461143461096        1.0255893499840600     
  0.12375461143461096        1.0255893499840600     
   6.3183485922156071E-002   1.0313325850961510     
   6.3183485922156071E-002   1.0313325850961510     
   2.3862468318999975E-003   1.0333850092737782     
   2.3862468318999975E-003   1.0333850092737782     
  -5.8419528862763095E-002   1.0317405824356647     
  -5.8419528862763095E-002   1.0317405824356647     
 -0.11901631672099369        1.0264052454467800     
 -0.11901631672099369        1.0264052454467800     
 -0.17918720315805076        1.0173969040768189     
 -0.17918720315805076        1.0173969040768189     
 -0.23871644395574701        1.0047453991578166     
 -0.23871644395574701        1.0047453991578166     
 -0.29739002425920508       0.98849246263829027     
 -0.29739002425920508       0.98849246263829027     
 -0.35499622130883113       0.96869165895749132     
 -0.35499622130883113       0.96869165895749132     
 -0.41132617107665859       0.94540831089329747     
 -0.41132617107665859       0.94540831089329747     
 -0.46617443986675750       0.91871940877264646     
 -0.46617443986675750       0.91871940877264646     
 -0.51933960179971572       0.88871350167605667     
 -0.51933960179971572       0.88871350167605667     
 -0.57062482293064187       0.85549056901983711     
 -0.57062482293064187       0.85549056901983711     
 -0.61983845254804015       0.81916187066351576     
 -0.61983845254804015       0.81916187066351576     
 -0.66679462196661221       0.77984977346864681     
 -0.66679462196661221       0.77984977346864681     
 -0.71131385086000720       0.73768755203175751     
 -0.71131385086000720       0.73768755203175751     
 -0.75322366087942183       0.69281916113247866     
 -0.75322366087942183       0.69281916113247866     
 -0.79235919597070259       0.64539897728206430     
 -0.79235919597070259       0.64539897728206430     
 -0.82856384843660802       0.59559150663221594     
 -0.82856384843660802       0.59559150663221594     
 -0.86168988939307400       0.54357105641452608     
 -0.86168988939307400       0.54357105641452608     
 -0.89159910184031210       0.48952136703250415     
 -0.89159910184031210       0.48952136703250415     
 -0.91816341411380520       0.43363520192696564     
 -0.91816341411380520       0.43363520192696564     
 -0.94126553100017063       0.37611389238773529     
 -0.94126553100017063       0.37611389238773529     
 -0.96079955930297611       0.31716683459644585     
 -0.96079955930297611       0.31716683459644585     
 -0.97667162412970132       0.25701093636297428     
 -0.97667162412970132       0.25701093636297428     
 -0.98880047165028306       0.19587001126776782     
 -0.98880047165028306       0.19587001126776782     
 -0.99711805355864880       0.13397411824949462     
 -0.99711805355864880       0.13397411824949462     
  -1.0015700879614085        7.1558845086847539E-002
  -1.0015700879614085        7.1558845086847539E-002
  -1.0021165909340048        8.8645347185649474E-003
  -1.0021165909340048        8.8645347185649474E-003
 -0.99873237253710678       -5.3864546071008060E-002
 -0.99873237253710678       -5.3864546071008060E-002
 -0.99140749068915157      -0.11638109540185745     
 -0.99140749068915157      -0.11638109540185745     
 -0.98014765596006215      -0.17843572152659637     
 -0.98014765596006215      -0.17843572152659637     
 -0.96497458010239967      -0.23977794273964823     
 -0.96497458010239967      -0.23977794273964823     
 -0.94592626098605614      -0.30015723925463850     
 -0.94592626098605614      -0.30015723925463850     
 -0.92305719656739593      -0.35932415335766033     
 -0.92305719656739593      -0.35932415335766033     
 -0.89643852061913720      -0.41703143311374952     
 -0.89643852061913720      -0.41703143311374952     
 -0.86615805318745442      -0.47303521384009894     
 -0.86615805318745442      -0.47303521384009894     
 -0.83232025913985663      -0.52709623048284271     
 -0.83232025913985663      -0.52709623048284271     
 -0.79504610873053450      -0.57898105296838498     
 -0.79504610873053450      -0.57898105296838498     
 -0.75447283484455963      -0.62846333557176237     
 -0.75447283484455963      -0.62846333557176237     
 -0.71075358248963760      -0.67532507038213829     
 -0.71075358248963760      -0.67532507038213829     
 -0.66405694718006458      -0.71935783407940190     
 -0.66405694718006458      -0.71935783407940190     
 -0.61456640009253549      -0.76036401649664997     
 -0.61456640009253549      -0.76036401649664997     
 -0.56247959925200341      -0.79815801886113136     
 -0.56247959925200341      -0.79815801886113136     
 -0.50800758750638031      -0.83256740920927452     
 -0.50800758750638031      -0.83256740920927452     
 -0.45137387964413206      -0.86343402228483668     
 -0.45137387964413206      -0.86343402228483668     
 -0.39281344266600027      -0.89061499127374455     
 -0.39281344266600027      -0.89061499127374455     
 -0.33257157490379596      -0.91398369901996013     
 -0.33257157490379596      -0.91398369901996013     
 -0.27090269134450812      -0.93343063691210559     
 -0.27090269134450812      -0.93343063691210559     
 -0.20806902412366851      -0.94886416043147015     
 -0.20806902412366851      -0.94886416043147015     
 -0.14433924865413497      -0.96021113140110337     
 -0.14433924865413497      -0.96021113140110337     
  -7.9987047212318974E-002 -0.96741743825732629     
  -7.9987047212318974E-002 -0.96741743825732629     
  -1.5289622973262739E-002 -0.97044838715530790     
  -1.5289622973262739E-002 -0.97044838715530790     
   4.9473821566788090E-002 -0.96928895838787887     
   4.9473821566788090E-002 -0.96928895838787887     
  0.11402362714616637      -0.96394392440331889     
  0.11402362714616637      -0.96394392440331889     
  0.17808122621618788      -0.95443782760992524     
  0.17808122621618788      -0.95443782760992524     
  0.24137068215251897      -0.94081481810545819     
  0.24137068215251897      -0.94081481810545819     
  0.30362020416820268      -0.92313835341881900     
  0.30362020416820268      -0.92313835341881900     
  0.36456362334296266      -0.90149076425029917     
  0.36456362334296266      -0.90149076425029917     
  0.42394181590306296      -0.87597269199809813     
  0.42394181590306296      -0.87597269199809813     
  0.48150406085707392      -0.84670240551893983     
  0.48150406085707392      -0.84670240551893983     
  0.53700932028560577      -0.81381500605128310     
  0.53700932028560577      -0.81381500605128310     
  0.59022743196153571      -0.77746153049925981     
  0.59022743196153571      -0.77746153049925981     
  0.64094020550107256      -0.73780796431020013     
  0.64094020550107256      -0.73780796431020013     
  0.68894241487197061      -0.69503417596276906     
  0.68894241487197061      -0.69503417596276906     
  0.73404268176910059      -0.64933278560912155     
  0.73404268176910059      -0.64933278560912155     
  0.77606424606585955      -0.60090798068407203     
  0.77606424606585955      -0.60090798068407203     
  0.81484562122125526      -0.54997429131570308     
  0.81484562122125526      -0.54997429131570308     
  0.85024113412922298      -0.49675533816051898     
  0.85024113412922298      -0.49675533816051898     
  0.88212135040579354      -0.44148256486329640     
  0.88212135040579354      -0.44148256486329640     
  0.91037338749355601      -0.38439396673276516     
  0.91037338749355601      -0.38439396673276516     
  0.93490111919980079      -0.32573282645788665     
  0.93490111919980079      -0.32573282645788665     
  0.95562527635925865      -0.26574646679635405     
  0.95562527635925865      -0.26574646679635405     
  0.97248344921493968      -0.20468502917818460     
  0.97248344921493968      -0.20468502917818460     
  0.98542999783737573      -0.14280028611357060     
  0.98542999783737573      -0.14280028611357060     
  0.99443587745488704       -8.0344494204678360E-002
  0.99443587745488704       -8.0344494204678360E-002
  0.99948838595112532       -1.7569293462755087E-002
  0.99948838595112532       -1.7569293462755087E-002
