   1.5200000000000000        0.0000000000000000     
   1.5200000000000000        5.0963362487929958E-002
   1.5182941507613363       0.10186953036197849     
   1.5148872327061340       0.15266156548950535     
   1.5097859112503731       0.20328284845138228     
   1.5029987167329479       0.25367713957584115     
   1.4945360224938196       0.30378863872447870     
   1.4844100211783327       0.35356204378578565     
   1.4726346993447186       0.40294260783623503     
   1.4592258104514948       0.45187619493349473     
   1.4442008463009015       0.50030933451070925     
   1.4275790070137182       0.54818927434501385     
   1.4093811696097835       0.59546403207748977     
   1.3896298552673201       0.64208244526563496     
   1.3683491953327647       0.68799421995309995     
   1.3455648961512345       0.73314997774492030     
   1.3213042027860360       0.77750130137975915     
   1.2955958616937731       0.82100077879375133     
   1.2684700824196395       0.86360204567341348     
   1.2399584983754086       0.90525982649775039     
   1.2100941267604741       0.94592997407214552     
   1.1789113276840737       0.98556950755887529     
   1.1464457625445368        1.0241366490111317     
   1.1127343517190784        1.0615908584192828     
   1.0778152316153033        1.0978928672797394     
   1.0417277111332170        1.1330047106982470     
   1.0045122275841674        1.1668897580406736     
  0.96621030211077463        1.1995127421454324     
  0.92686449464956355        1.2308397871125636     
  0.88651835847569382        1.2608384346852117     
  0.84521639436690821        1.2894776692397698     
  0.80300400442158959        1.3167279414013449     
  0.75992744556364444        1.3425611903014165     
  0.71603378276482343        1.3669508644946311     
  0.67137084201305408        1.3898719415516059     
  0.62598716305340185        1.4113009463444099     
  0.57993195192640490        1.4312159680410566     
  0.53325503332674506        1.4495966758248899     
  0.48600680280353153        1.4664243333541838     
  0.43823817882188792        1.4816818119766020     
  0.39000055470405254        1.4953536027124057     
  0.34134575046682908        1.5074258270194378     
  0.29232596457096527        1.5178862463519818     
  0.24299372559689120        1.5267242705245823     
  0.19340184386022230        1.5339309648908437     
  0.14360336297952503        1.5394990563460900     
   9.3651511408058052E-002   1.5434229381615887     
   4.3599653940541182E-002   1.5456986736568186     
  -6.4987567945313006E-003   1.5463239987150015     
  -5.6590228846925585E-002   1.5452983231458346     
 -0.10662127945122614        1.5426227308980509     
 -0.15653848351824526        1.5382999791231231     
 -0.20628852210163953        1.5323344960901000     
 -0.25581823082998673        1.5247323779502489     
 -0.30507464829434744        1.5155013843488669     
 -0.35400506438097923        1.5046509328803366     
 -0.40255706853838863        1.4921920923812335     
 -0.45067859796729826        1.4781375750550669     
 -0.49831798572137515        1.4625017274210388     
 -0.54542400870571273        1.4453005200780691     
 -0.59194593555908570        1.4265515362742465     
 -0.63783357440490518        1.4062739592708418     
 -0.68303732045459642        1.3844885584890707     
 -0.72750820344580314        1.3612176744269193     
 -0.77119793489639554        1.3364852023325593     
 -0.81405895515372861        1.3103165746201904     
 -0.85604448021696533        1.2827387420135541     
 -0.89710854830855180        1.2537801534018858     
 -0.93720606616911439        1.2234707343927047     
 -0.97629285504814378        1.1918418645456059     
  -1.0143256963608500        1.1589263532711067     
  -1.0512623769795173        1.1247584143786347     
  -1.0870617341255675        1.0893736392579207     
  -1.1216836998263635        1.0528089686783906     
  -1.1550893448985557        1.0151026631916396     
  -1.1872409224175091       0.97629427212273223     
  -1.2181019106300466       0.93642460113689696     
  -1.2476370552654288       0.89553567836919279     
  -1.2758124111971556       0.85367071910591685     
  -1.3025953834058490       0.81087408900789970     
  -1.3279547671911582       0.76719126586740793     
  -1.3518607875783371       0.72266879989214139     
  -1.3742851378628911       0.67735427251178149     
  -1.3952010172344911       0.63129625370471654     
  -1.4145831674192126       0.58454425784494479     
  -1.4324079082771108       0.53714869807173438     
  -1.4486531722901779       0.48916083918740277     
  -1.4632985378738872       0.44063274909156458     
  -1.4763252614438092       0.39161724876338477     
  -1.4877163081672076       0.34216786080675982     
  -1.4974563813281137       0.29233875657692787     
  -1.5055319502331375       0.24218470191077668     
  -1.5119312765842337       0.19176100148706435     
  -1.5166444392438077       0.14112344184688821     
  -1.5196633573169440        9.0328233109018663E-002
  -1.5209818114751792        3.9431949419147995E-002
  -1.5205954634461418       -1.1508531823323903E-002
  -1.5185018735935583       -6.2436091912649740E-002
  -1.5147005165125897      -0.11329343390511903     
  -1.5091927945662391      -0.16402314675044888     
  -1.5019820492896536      -0.21456777042319569     
  -1.4930735705905749      -0.26486986198618151     
  -1.4824746036759466      -0.31487206251287719     
  -1.4701943536368087      -0.36451716479062496     
  -1.4562439876260780      -0.41374818172154043     
  -1.4406366345666604      -0.46250841533293263     
  -1.4233873823305503      -0.51074152630414782     
  -1.4045132723331628      -0.55839160391190634     
  -1.3840332914911055      -0.60540323629148918     
  -1.3619683614959364      -0.65172158090657195     
  -1.3383413253611609      -0.69729243511612882     
  -1.3131769312047978      -0.74206230672266482     
  -1.2865018132352679      -0.78597848438211715     
  -1.2583444699141395      -0.82898910775211809     
  -1.2287352392753701      -0.87104323725197075     
  -1.1977062713871049      -0.91209092330467589     
  -1.1652914979488149      -0.95208327492869926     
  -1.1315265990235490      -0.99097252754490583     
  -1.0964489669123250       -1.0287121098622405     
  -1.0600976671851512       -1.0652567097043246     
  -1.0225133968908415       -1.1005623386381933     
 -0.98373843997561405       -1.1345863952659316     
 -0.94381661994843036       -1.1672877270400086     
 -0.90279324983908815       -1.1986266904636598     
 -0.86071507950319714       -1.2285652095387585     
 -0.81763024033630582       -1.2570668323252410     
 -0.77358818746756108       -1.2840967854783298     
 -0.72863963951133792       -1.3096220266325274     
 -0.68283651596322625       -1.3336112945046368     
 -0.63623187233456635       -1.3560351565919024     
 -0.58887983312733916       -1.3768660543457407     
 -0.54083552275860236       -1.3960783457064492     
 -0.49215499455077288       -1.4136483448897152     
 -0.44289515791085321       -1.4295543593216886     
 -0.39311370382813998       -1.4437767236258052     
 -0.34286902882600273       -1.4562978305714318     
 -0.29222015750893959       -1.4671021589017164     
 -0.24122666385127281       -1.4761762979657458     
 -0.18994859137850720       -1.4835089690881920     
 -0.13844637239650948       -1.4890910436180420     
  -8.6780746427251573E-002  -1.4929155576067112     
  -3.5012678012871765E-002  -1.4949777230747905     
   1.6796725947774309E-002  -1.4952749358358395     
   6.8586299164090814E-002  -1.4938067798549584     
  0.12029489905307562       -1.4905750281293046     
  0.17186148980527793       -1.4855836400872282     
  0.22322522524971669       -1.4788387555122180     
  0.27432553135079901       -1.4703486850073524     
  0.32510218817160674       -1.4601238970253634     
  0.37549541113986690       -1.4481770014987223     
  0.42544593145547766       -1.4345227301132841     
  0.47489507548160570       -1.4191779132779405     
  0.52378484296508776       -1.4021614538513911     
  0.57205798393613316       -1.3834942976954996     
  0.61965807414210905       -1.3631994011327244     
  0.66652958887546709       -1.3413016953927628     
  0.71261797506160651       -1.3178280481407865     
  0.75786972147862930       -1.2928072221864533     
  0.80223242698749198       -1.2662698314792149     
  0.84565486665795542       -1.2382482945012923     
  0.88808705568294133       -1.2087767851750317     
  0.92948031098137618       -1.1778911814061666     
  0.96978731039730348       -1.1456290113887864     
   1.0089621494109253       -1.1120293978015423     
   1.0469603952852551       -1.0771330000277872     
   1.0837391385801804       -1.0409819545349677     
   1.1192570419739072       -1.0036198135506400     
   1.1534743863399426      -0.96509148217399532     
   1.1863531140359331      -0.92544315406274125     
   1.2178568693687666      -0.88472224583562231     
   1.2479510362083370      -0.84297733033077615     
   1.2766027727302265      -0.80025806885953599     
   1.3037810432752348      -0.75661514259422102     
   1.3294566473211682      -0.71210018322692670     
   1.3536022455695433      -0.66676570303435778     
   1.3761923831568519      -0.62066502448136729     
   1.3972035100067359      -0.57385220949309745     
   1.4166139983458292      -0.52638198852249318     
   1.4344041574120991      -0.47830968953650443     
   1.4505562453902698      -0.42969116704053856     
   1.4650544786142985      -0.38058273125670039     
   1.4778850380819089      -0.33104107756709322     
   1.4890360733308483      -0.28112321632898118     
   1.4984977037308203      -0.23088640316396175     
   1.5062620172489536      -0.18038806981849659     
   1.5123230667501970      -0.12968575568822799     
   1.5166768638971806       -7.8837040093496846E-002
   1.5193213707168587       -2.7899475388402831E-002
   1.5202564889036587        2.3069479019364618E-002
   1.5194840469309030        7.4012521665818953E-002
   1.5170077850439612       0.12487257297809767     
   1.5128333382099384       0.17559283811009088     
   1.5069682170997207       0.22611686860937297     
   1.4994217871788933       0.27638862286347182     
   1.4902052459844384       0.32635252527835257     
   1.4793315986642195       0.37595352414672217     
   1.4668156318560828       0.42513714816836029     
   1.4526738859829682       0.47384956158913927     
   1.4369246260397472       0.52203761792969650     
   1.4195878109465954       0.56964891227885672     
   1.4006850615425934       0.61663183213085848     
   1.3802396272919444       0.66293560674921237     
   1.3582763517737073       0.70851035504359983     
   1.3348216370243080       0.75330713194960464     
   1.3099034068003030       0.79727797330425232     
   1.2835510688269629       0.84037593921331066     
   1.2557954760962224       0.88255515590907618     
   1.2266688872754328       0.92377085609993637     
   1.1962049262861605       0.96397941781535401     
   1.1644385411100251        1.0031384017520719     
   1.1314059618762620        1.0412065871292835     
   1.0971446582833615        1.0781440060622576     
   1.0616932964047734        1.1139119764654577     
   1.0250916949262947        1.1484731334975442     
  0.98738078086039316        1.1817914595618144     
  0.94860254478036199        1.2138323128766135     
  0.90879999561487101        1.2445624546310496     
  0.86801711504118362        1.2739500747419734     
  0.82629881151305529        1.3019648162286446     
  0.78369087395712866        1.3285777982218074     
  0.74023992516949988        1.3537616376240456     
  0.69599337494205826        1.3774904694382906     
  0.65099937294620458        1.3997399657812200     
  0.60530676139963679        1.4204873535980145     
  0.55896502754006483        1.4397114310945531     
  0.51202425592798018        1.4573925829026184     
  0.46453508059896909        1.4735127939930681     
  0.41654863708452400        1.4880556623512147     
  0.36811651431887943        1.5010064104278460     
  0.31929070644808083        1.5123518953784272     
  0.27012356455629100        1.5220806181020528     
  0.22066774832325095        1.5301827310906777     
  0.17097617762584344        1.5366500450980569     
  0.12110198409585940        1.5414760346366627     
   7.1098462645343738E-002   1.5446558423096510     
   2.1019022970296359E-002   1.5461862819837044     
  -2.9082858956969364E-002   1.5460658408073082     
  -7.9153689396856020E-002   1.5442946800777186     
 -0.12914000534316450        1.5408746349585729     
 -0.17898842300578632        1.5358092130487693     
 -0.22864568626572701        1.5291035918019222     
 -0.27805871509261748        1.5207646147943863     
 -0.32717465391457962        1.5108007868385405     
 -0.37594091992989348        1.4992222679367446     
 -0.42430525134937047        1.4860408660701330     
 -0.47221575555766776        1.4712700288151943     
 -0.51962095718098877        1.4549248337799219     
 -0.56646984604770134        1.4370219778501983     
 -0.61271192502737459        1.4175797652360256     
 -0.65829725773258674        1.3966180943062201     
 -0.70317651606659581        1.3741584431992759     
 -0.74730102759859296        1.3502238541972726     
 -0.79062282274677942        1.3248389168489556     
 -0.83309468174792689        1.2980297498274780     
 -0.87467018139040154        1.2698239815077512     
 -0.91530374148585902        1.2402507292479277     
 -0.95495067105295561        1.2093405773592318     
 -0.99356721418447791        1.1771255537481813     
  -1.0311105955672732        1.1436391052151960     
  -1.0675390656222747        1.1089160713936936     
  -1.1028119452297624        1.0729926573140225     
  -1.1368896700028011        1.0359064045769861     
  -1.1697338340695407       0.99769616112228721     
  -1.2013072333227850       0.95840204957795394     
  -1.2315739080929160       0.91806543417772912     
  -1.2604991851979384       0.87672888623449530     
  -1.2880497193220712       0.83443614815909206     
  -1.3141935336719894       0.79123209601535249     
  -1.3389000598575069       0.74716270060385293     
  -1.3621401769412187       0.70227498706873481     
  -1.3838862495993849       0.65661699302402465     
  -1.4041121653341688       0.61023772519814579     
  -1.4227933706752374       0.56318711459779103     
  -1.4399069063067234       0.51551597019500284     
  -1.4554314410536389       0.46727593114419108     
  -1.4693473046600403       0.41851941753890332     
  -1.4816365192895913       0.36929957972144828     
  -1.4922828296776702       0.31967024616195450     
  -1.5012717318628335       0.26968586992711790     
  -1.5085905004242999       0.21940147376274974     
  -1.5142282141511769       0.16887259381826950     
  -1.5181757800684224       0.11815522204548928     
  -1.5204259557440454        6.7305747308395072E-002
  -1.5209733698018120        1.6380895245134527E-002
  -1.5198145405637511       -3.4562333071942550E-002
  -1.5169478927470685       -8.5466723627591931E-002
  -1.5123737721406878      -0.13627491305087777     
  -1.5060944581875584      -0.18692945323788110     
  -1.4981141744001212      -0.23737287694452508     
  -1.4884390965379026      -0.28754776427908613     
  -1.4770773584781398      -0.33739681001889837     
  -1.4640390557126277      -0.38686289167070043     
  -1.4493362464066275      -0.43588913818904379     
  -1.4329829499586966      -0.48441899926220705     
  -1.4149951430036953      -0.53239631507016572     
  -1.3953907528049923      -0.57976538641438446     
  -1.3741896479860358      -0.62647104511455076     
  -1.3514136265559789      -0.67245872456289368     
  -1.3270864011889261      -0.71767453032244788     
  -1.3012335817216250      -0.76206531065157235     
  -1.2738826548400168      -0.80557872683323706     
  -1.2450629609310053      -0.84816332318408394     
  -1.2148056680820611      -0.88976859661507823     
  -1.1831437432178535      -0.93034506561272257     
  -1.1501119203699550      -0.96984433850733598     
  -1.1157466660827871       -1.0082191808928322     
  -1.0800861419663366       -1.0454235820607900     
  -1.0431701644137434       -1.0814128203104147     
  -1.0050401615096123       -1.1161435269952751     
 -0.96573912716280397       -1.1495737491674680     
 -0.92531157250547869       -1.1816630106801516     
 -0.88380347460825592       -1.2123723716101913     
 -0.84126222256949046       -1.2416644858640102     
 -0.79773656104479918       -1.2695036568316225     
 -0.75327653129106675       -1.2958558909562732     
 -0.70793340980717079       -1.3206889490901017     
 -0.66175964466155512       -1.3439723955097949     
 -0.61480878960450169       -1.3656776444702947     
 -0.56713543607046235       -1.3857780041792629     
 -0.51879514318307307       -1.4042487180801722     
 -0.46984436588243883       -1.4210670033375761     
 -0.42034038130091100       -1.4362120864242836     
 -0.37034121351983845       -1.4496652357168138     
 -0.31990555684562244       -1.4614097910126009     
 -0.26909269774880801       -1.4714311898899297     
 -0.21796243561486742       -1.4797169908394798     
 -0.16657500245974471       -1.4862568931046021     
 -0.11499098176710527       -1.4910427531760084     
  -6.3271226607547457E-002  -1.4940685978953869     
  -1.1476777202763131E-002  -1.4953306341315091     
   4.0331221900237302E-002  -1.4948272550016428     
   9.2091604878205599E-002  -1.4925590426204638     
  0.14374326773652246       -1.4885287673681342     
  0.19522525130207147       -1.4827413836787362     
  0.24647682393671408       -1.4752040223597629     
  0.29743756380496233       -1.4659259794628368     
  0.34804744053107256       -1.4549187017351906     
  0.39824689608302349       -1.4421957686906677     
  0.44797692472368145       -1.4277728713480298     
  0.49717915187287670       -1.4116677876931565     
  0.54579591172809583       -1.3939003549302393     
  0.59377032349601155       -1.3744924385952741     
  0.64104636609209487       -1.3534678986130040     
  0.68756895117105443       -1.3308525523859180     
  0.73328399435679070       -1.3066741350109505     
  0.77813848454690326       -1.2809622567261019     
  0.82208055117350687       -1.2537483576953148     
  0.86505952930916230       -1.2250656602455432     
  0.90702602251406472       -1.1949491186750414     
  0.94793196332821694       -1.1634353667564583     
  0.98773067132010417       -1.1305626630623344     
   1.0263769086113372       -1.0963708342440595     
   1.0638269328048013       -1.0609012163982536     
   1.1000385472519938       -1.0241965946568845     
   1.1349711486034142      -0.98630114113922562     
   1.1685857715940466      -0.94726035140501053     
   1.2008451310241020      -0.90712097954884519     
   1.2317136609032340      -0.86593097207612624     
   1.2611575507343693      -0.82373940070038476     
   1.2891447789210606      -0.78059639420115789     
   1.3156451432898590      -0.73655306948019739     
   1.3406302887265666      -0.69166146195208478     
   1.3640737319323544      -0.64597445540315357     
   1.3859508833125826      -0.59954571145005375     
   1.4062390660177246      -0.55242959872635256     
   1.4249175321620371      -0.50468112192228176     
   1.4419674762515482      -0.45635585079914237     
   1.4573720458585009      -0.40750984929599254     
   1.4711163495846140      -0.35819960484210484     
   1.4831874623603736      -0.30848195798431394     
   1.4935744281320487      -0.25841403243381716     
   1.5022682599922312      -0.20805316563226642     
   1.5092619378134216      -0.15745683993213211     
   1.5145504034475301      -0.10668261448135502     
   1.5181305535571359       -5.5788057897260608E-002
   1.5200012301469363       -4.8306818096173904E-003
   1.5201632088660602        4.6132124652395468E-002
   1.5186191851537840        9.7043159359662776E-002
   1.5153737583027203       0.14784547060449360     
   1.5104334135147304       0.19848241938435635     
   1.5038065020256786       0.24889774049345609     
   1.4955032193756894       0.29903560237251281     
   1.4855355819018237       0.34884066567188654     
   1.4739174015300507       0.39825814048786035     
   1.4606642589430980       0.44723384223642249     
   1.4457934752002024       0.49571424613326914     
   1.4293240818839992       0.54364654025296810     
   1.4112767898487812       0.59097867714427199     
   1.3916739566431500       0.63765942398243625     
   1.3705395526786877       0.68363841124307689     
   1.3478991262147220       0.72886617988558677     
   1.3237797672275426       0.77329422703741624     
   1.2982100702305859       0.81687505017360540     
   1.2712200961101416       0.85956218978883470     
   1.2428413330390746       0.90131027056192903     
   1.2131066565288997       0.94207504101521566     
   1.1820502886783351       0.98181341167339287     
   1.1497077566741760        1.0204834917286174     
   1.1161158505980164        1.0580446242203685     
   1.0813125805899944        1.0944574197402945     
   1.0453371334183743        1.1296837886737012     
   1.0082298285014122        1.1636869719906011     
  0.97003207342558462        1.1964315706003188     
  0.93078631900192543        1.2278835732845363     
  0.89053601389989667        1.2580103832243821     
  0.84932555889594741        1.2867808431377104     
  0.80720026077168683        1.3141652590431045     
  0.76420628589442630        1.3401354226673614     
  0.72039061351073908        1.3646646325132925     
  0.67580098878165096        1.3877277136046133     
  0.63048587558611702        1.4093010359244911     
  0.58449440911756823        1.4293625315639937     
  0.53787634829652808        1.4478917105962377     
  0.49068202802061228        1.4648696756914688     
  0.44296231127163832        1.4802791354876514     
  0.39476854109808818        1.4941044167303765     
  0.34615249248979391        1.5063314751950498     
  0.29716632416045313        1.5169479054033943     
  0.24786253025243440        1.5259429491452901     
  0.19829389197730221        1.5333075028159109     
  0.14851342920458194        1.5390341235769835     
   9.8574352010497482E-002   1.5431170343498193     
   4.8530012197750022E-002   1.5455521276465447     
  -1.5661452031319745E-003   1.5463369682447028     
  -5.1660630440753974E-002   1.5454707947091098     
 -0.10169995754829553        1.5429545197635492     
 -0.15163069283775465        1.5387907295135694     
 -0.20139950337335136        1.5329836815203246     
 -0.25095320541434690        1.5255393017240877     
 -0.30023881281730941        1.5164651802147466     
 -0.34920358538750312        1.5057705658453104     
 -0.39779507716859963        1.4934663596831830     
 -0.44596118465930379        1.4795651072927296     
 -0.49365019494475926        1.4640809898414704     
 -0.54081083372974770        1.4470298140210873     
 -0.58739231325972452        1.4284290007733469     
 -0.63334438011464578        1.4082975728100098     
 -0.67861736285933627        1.3866561409148486     
 -0.72316221953283411        1.3635268890150158     
 -0.76693058495772060        1.3389335580082156     
 -0.80987481784891613        1.3129014283314340     
 -0.85194804769979082        1.2854573012563932     
 -0.89310422142171320        1.2566294788964036     
 -0.93329814971134162        1.2264477429089213     
 -0.97248555311805984        1.1949433318778759     
  -1.0106231077819763        1.1621489173597155     
  -1.0476684908108505        1.1280985785771465     
  -1.0835804252621875        1.0928277757447133     
  -1.1183187246945647        1.0563733220106912     
  -1.1518443372500233        1.0187733540002457     
  -1.1841193892270876       0.98006730094546768     
  -1.2151072281016728       0.94029585238871105     
  -1.2447724649508203       0.89950092444666352     
  -1.2730810162318613       0.85772562462376511     
  -1.3000001448672798       0.81501421516496109     
  -1.3254985005832198       0.77141207493934272     
  -1.3495461594472893       0.72696565984799111     
  -1.3721146625490477       0.68172246175130180     
  -1.3931770537643624       0.63573096591323286     
  -1.4127079165426712       0.58904060696228777     
  -1.4306834096541301       0.54170172337161793     
  -1.4470813018316555       0.49376551046340811     
  -1.4618810052410181       0.44528397194569042     
  -1.4750636077104136       0.39630986999291606     
  -1.4866119036493537       0.34689667388499634     
  -1.4965104235852942       0.29709850722310022     
  -1.5047454622451695       0.24697009374426013     
  -1.5113051051079500       0.19656670176078320     
  -1.5161792533534926       0.14594408725458319     
  -1.5193596471323403        9.5158435660830099E-002
  -1.5208398870807533        4.4266302379747560E-002
  -1.5206154540051409       -6.6754479400391370E-003
  -1.5186837266602247       -5.7609703298504060E-002
  -1.5150439975457211      -0.10847916736866327     
  -1.5096974866470829      -0.15922642359065248     
  -1.5026473530469211      -0.20979400027266054     
  -1.4938987043351319      -0.26012443663091311     
  -1.4834586037475053      -0.31016034969584350     
  -1.4713360749646891      -0.35984450200652035     
  -1.4575421045058468      -0.40911987001035077     
  -1.4420896416541713      -0.45792971308006680     
  -1.4249935958546214      -0.50621764305506001     
  -1.4062708315278163      -0.55392769420928056     
  -1.3859401602479806      -0.60100439354319235     
  -1.3640223302371521      -0.64739283129270320     
  -1.3405400131325653      -0.69303873154359918     
  -1.3155177879891846      -0.73788852283583339     
  -1.2889821224847802      -0.78188940863808343     
  -1.2609613513007056      -0.82498943756932908     
  -1.2314856516576360      -0.86713757324083929     
  -1.2005870159919378      -0.90828376358892793     
  -1.1682992217650585      -0.94837900956616739     
  -1.1346577984053106      -0.98737543305646702     
  -1.0996999913886683       -1.0252263438775537     
  -1.0634647234726635       -1.0618863057329631     
  -1.0259925531051333       -1.0973112009746782     
 -0.98732563003740070       -1.1314582940370705     
 -0.94750764817943922       -1.1642862934028075     
 -0.90658379574262649       -1.1957554119619274     
 -0.86460070272381850       -1.2258274256263439     
 -0.82160638579261558       -1.2544657300636481     
 -0.77765019065181484       -1.2816353954162265     
 -0.73278273194910737       -1.3073032188744258     
 -0.68705583082603761       -1.3314377749757533     
 -0.64052245019806009       -1.3540094635059157     
 -0.59323662786715570       -1.3749905548818573     
 -0.54525340757586893       -1.3943552329018549     
 -0.49662876811875412       -1.4120796347531401     
 -0.44741955063403188       -1.4281418881734442     
 -0.39768338420471777       -1.4425221456692654     
 -0.34747860990455370       -1.4552026157005242     
 -0.29686420342971348       -1.4661675907485736     
 -0.24589969646243123       -1.4754034721922298     
 -0.19464509691738574       -1.4828987919245604     
 -0.14316080822583202       -1.4886442306515668     
  -9.1507547816081669E-002  -1.4926326328225914     
  -3.9746264951969729E-002  -1.4948590181512265     
   1.2061941906609957E-002  -1.4953205896946529     
   6.3855908055182597E-002  -1.4940167384686533     
  0.11557448564104887       -1.4909490445849773     
  0.16715662673679688       -1.4861212749072359     
  0.21854146622328957       -1.4795393772310310     
  0.26966840431512290       -1.4712114710035176     
  0.32047718856285168       -1.4611478346070241     
  0.37090799516820261       -1.4493608892406569     
  0.42090150945102189       -1.4358651794429509     
  0.47039900530982559       -1.4206773503075520     
  0.51934242352151183       -1.4038161214525833     
  0.56767444873003481       -1.3853022578127183     
  0.61533858497860172       -1.3651585373310222     
  0.66227922964520947       -1.3434097156352798     
  0.70844174564705287       -1.3200824877907913     
  0.75377253178547676       -1.2952054472284342     
  0.79821909110967526       -1.2688090419531479     
  0.84173009718422076       -1.2409255281438649     
  0.88425545815269679       -1.2115889212612758     
  0.92574637849716646       -1.1808349447846476     
  0.96615541840089492       -1.1487009767032126     
   1.0054365506296139       -1.1152259938913951     
   1.0435452148546256       -1.0804505145003340     
   1.0804383693491546       -1.0444165385008024     
   1.1160745399975183       -1.0071674865147022     
   1.1504138665648700      -0.96874813707384866     
   1.1834181461834226      -0.92920456244574379     
   1.2150508740191492      -0.88858406316649796     
   1.2452772810909520      -0.84693510142099393     
   1.2740643692221372      -0.80430723340982579     
   1.3013809431117207      -0.76075104084149692     
   1.3271976395205682      -0.71631806168685441     
   1.3514869535746241      -0.67106072033078856     
   1.3742232621944770      -0.62503225725386746     
   1.3953828446672243      -0.57828665837382875     
   1.4149439003830060      -0.53087858417374467     
   1.4328865637646719      -0.48286329874023964     
   1.4491929164247970      -0.43429659883140348     
   1.4638469965896639      -0.38523474309003425     
   1.4768348058348757      -0.33573438151359675     
   1.4881443131819334      -0.28585248528782425     
   1.4977654566094134      -0.23564627708625308     
   1.5056901420363005      -0.18517316193319039     
   1.5119122398385745      -0.13449065872270738     
   1.5164275789633135       -8.3656332481248111E-002
   1.5192339387073648       -3.2727727456378600E-002
   1.5203310382300594        1.8237698890903039E-002
   1.5197205238714999        6.9182640917990507E-002
   1.5174059543496605       0.12005000878942644     
   1.5133927839108976       0.17078299136046080     
   1.5076883435094988       0.22132511789829096     
   1.5003018200926095       0.27162031858879937     
   1.4912442340672800       0.32161298378144487     
   1.4805284150264881       0.37124802192969053     
   1.4681689758108314       0.42047091618895088     
   1.4541822849821600       0.46922777963849710     
   1.4385864377847526       0.51746540909806082     
   1.4214012256687478       0.56513133751401212     
   1.4026481044494368       0.61217388489394731     
   1.3823501611747275       0.65854220777229644     
   1.3605320797716196       0.70418634719314599     
   1.3372201055408937       0.74905727519985899     
   1.3124420085674482       0.79310693982426150     
   1.2862270461118142       0.83628830857114822     
   1.2586059240463692       0.87855541039663509     
   1.2296107573976678       0.91986337618145797     
   1.1992750300541222       0.96016847770267821     
   1.1676335536960212       0.99942816510941412     
   1.1347224260025779        1.0376011029101686     
   1.1005789881883645        1.0746472044810771     
   1.0652417819191380        1.1105276651059510     
   1.0287505056546939        1.1452049935603530     
  0.99114597046402275        1.1786430422531089     
  0.95247005535569051        1.2108070359396483     
  0.91276566216404031        1.2416635990223710     
  0.87207667002951483        1.2711807814538696     
  0.83044788950915094        1.2993280832593093     
  0.78792501635109713        1.3260764776945675     
  0.74455458496486615        1.3513984330568958     
  0.70038392161696295        1.3752679331648696     
  0.65546109737953118        1.3976604965242652     
  0.60983488085774629        1.4185531941962375     
  0.56355469071985420        1.4379246663837901     
  0.51667054805201884        1.4557551377520239     
  0.46923302855850318        1.4720264314970426     
  0.42129321462617320        1.4867219821776820     
  0.37290264727088357        1.4998268473234249     
  0.32411327798198525        1.5113277178309739     
  0.27497742047998774        1.5212129271609895     
  0.22554770240131930        1.5294724593454618     
  0.17587701692315696        1.5360979558150845     
  0.12601847434044777        1.5410827210548508     
   7.6025353606515161E-002   1.5444217270948857     
   2.5951053848041625E-002   1.5461116168422917     
  -2.4150954135258761E-002   1.5461507062585156     
  -7.4227176376314652E-002   1.5445389853854468     
 -0.12422414424197856        1.5412781182221476     
 -0.17408846292027000        1.5363714414527958     
 -0.22376685988390321        1.5298239620250986     
 -0.27320623332026128        1.5216423535771215     
 -0.32235370051769091        1.5118349517091743     
 -0.37115664619757643        1.5004117480961174     
 -0.41956277078111193        1.4873843834341998     
 -0.46752013857902408        1.4727661392153242     
 -0.51497722589171069        1.4565719283204679     
 -0.56188296900634938        1.4388182844228641     
 -0.60818681207650305        1.4195233501904929     
 -0.65383875486860210        1.3987068642764360     
 -0.69878940035842496        1.3763901470847311     
 -0.74299000215932787        1.3525960852985275     
 -0.78639251176249891        1.3273491151565964     
 -0.82894962556792984        1.3006752044636005     
 -0.87061483168312093        1.2726018333189875     
 -0.91134245646476286        1.2431579735489353     
 -0.95108771077677579        1.2123740668254737     
 -0.98980673593614465        1.1802820014567177     
  -1.0274566493159676        1.1469150878321051     
  -1.0639955895730455        1.1123080325066230     
  -1.0993827614651874        1.0764969109082541     
  -1.1335784802212021        1.0395191386532716     
  -1.1665442154242920        1.0014134414545794     
  -1.1982426343672772       0.96221982360902070     
  -1.2286376448357628       0.92197953505049257     
  -1.2576944372730292       0.88073503695678901     
  -1.2853795262780876       0.83852996589937023     
  -1.3116607913860097       0.79540909652672320     
  -1.3365075170773288       0.75141830277363753     
  -1.3598904319610248       0.70660451759058118     
  -1.3817817470733655       0.66101569118941961     
  -1.4021551932327003       0.61470074780398665     
  -1.4209860573881883       0.56770954096648352     
  -1.4382512178984266       0.52009280730335627     
  -1.4539291786740265       0.47190211885717975     
  -1.4680001021163835       0.42318983394415771     
  -1.4804458407832277       0.37400904656013018     
  -1.4912499677100262       0.32441353435145681     
  -1.5003978053149651       0.27445770517081525     
  -1.5078764528140829       0.22419654224180727     
  -1.5136748120721635       0.17368554796029886     
  -1.5177836118142678       0.12298068636462002     
  -1.5201954301222707        7.2138324311109545E-002
  -1.5209047151405248        2.1215171395994863E-002
  -1.5199078039147862       -2.9731781330765591E-002
  -1.5172029392888358       -8.0645323809294248E-002
  -1.5127902847838293      -0.13146809051602057     
  -1.5066719373863140      -0.18214262505214110     
  -1.4988519381720868      -0.23261144570912856     
  -1.4893362806946340      -0.28281711194105752     
  -1.4781329170688127      -0.33270229166844495     
  -1.4652517616827063      -0.38220982933323888     
  -1.4507046924732203      -0.43128281461954832     
  -1.4345055497039936      -0.47986465174972348     
  -1.4166701321875808      -0.52789912926049021     
  -1.3972161908976162      -0.57533049015904603     
  -1.3761634199208019      -0.62210350235436718     
  -1.3535334447030696      -0.66816352925448275     
  -1.3293498075491386      -0.71345660041617798     
  -1.3036379503399325      -0.75792948212951838     
  -1.2764251944379021      -0.80152974781577513     
  -1.2477407177562350      -0.84420584811380717     
  -1.2176155289741852      -0.88590718052674655     
  -1.1860824388873223      -0.92658415849797005     
  -1.1531760288883457      -0.96618827978285038     
  -1.1189326165812319       -1.0046721939806911     
  -1.0833902185388375       -1.0419897690895870     
  -1.0465885102216488       -1.0780961569457357     
  -1.0085687830831227       -1.1129478574079885     
 -0.96937389889496617       -1.1465027811481758     
 -0.92904824133371833       -1.1787203109080060     
 -0.88763766487809770       -1.2095613610841180     
 -0.84518944107471550       -1.2389884355041920     
 -0.80175220223789734       -1.2669656832588869     
 -0.75737588265745792       -1.2934589524567954     
 -0.71211165739629423       -1.3184358417725768     
 -0.66601187876756285       -1.3418657496619582     
 -0.61913001058894013       -1.3637199211213682     
 -0.57152056031899012       -1.3839714918745867     
 -0.52323900918793986       -1.4025955298739390     
 -0.47434174044214628       -1.4195690740092273     
 -0.42488596582818905       -1.4348711699237480     
 -0.37492965044880272       -1.4484829028433748     
 -0.32453143612873142       -1.4603874273317650     
 -0.27375056343401299       -1.4705699938922452     
 -0.22264679249314567       -1.4790179723448129     
 -0.17128032277302685       -1.4857208719149262     
 -0.11971171196645312       -1.4906703579793001     
  -6.8001794151309067E-002  -1.4938602654227491     
  -1.6211597384327696E-002  -1.4952866085691634     
   3.5597739105539455E-002  -1.4949475876589484     
   8.7365047957563793E-002  -1.4928435918546297     
  0.13902921678599714       -1.4889771987658003     
  0.19052927118536353       -1.4833531704941063     
  0.24180445746684920       -1.4759784462084813     
  0.29279432495933083       -1.4668621312703103     
  0.34343880771018220       -1.4560154829375751     
  0.39367830542321264       -1.4434518926862583     
  0.44345376347390542       -1.4291868651963242     
  0.49270675184551926       -1.4132379940583999     
  0.54137954283357370       -1.3956249342658080     
  0.58941518737073106       -1.3763693715648191     
  0.63675758982908959       -1.3554949887438483     
  0.68335158116238026       -1.3330274289497976     
  0.72914299025648233       -1.3089942561267895     
  0.77407871336300338       -1.2834249126791448     
  0.81810678149737115       -1.2563506744665769     
  0.86117642568991548       -1.2278046032452044     
  0.90323813998574198       -1.1978214966730938     
  0.94424374209676987       -1.1664378360036218     
  0.98414643161708237       -1.1336917315939790     
   1.0229008457206792       -1.0996228663596239     
   1.0604631122687791       -1.0642724373084207     
   1.0967909002619629       -1.0276830952905658     
   1.1318434675806164      -0.98989888310222807     
   1.1655817059653075      -0.95096517208209586     
   1.1979681831968576      -0.91092859734075748     
   1.2289671824439068      -0.86983699176304929     
   1.2585447387537037      -0.82773931892320007     
   1.2866686726696182      -0.78468560505180573     
   1.3133086209664646      -0.74072687019239702     
   1.3384360645020925      -0.69591505868364445     
   1.3620243531908300      -0.65030296910109731     
   1.3840487281112250      -0.60394418378980741     
   1.4044863407670964      -0.55689299811626725     
   1.4233162695271642      -0.50920434956482663     
   1.4405195332744569      -0.46093374680017019     
   1.4560791023022790      -0.41213719881357069     
   1.4699799064987489      -0.36287114426650818     
   1.4822088408667868      -0.31319238114089598     
   1.4927547684309219      -0.26315799680060903     
   1.5016085205864036      -0.21282529856429980     
   1.5087628949498453      -0.16225174488464023     
   1.5142126507739821      -0.11149487722417514     
   1.5179545019921139       -6.0612252712940247E-002
   1.5199871079604113       -9.6613776679143892E-003
   1.5203110619685134        4.1300357950733453E-002
   1.5189288775907297        9.2215745076751551E-002
   1.5158449729516996       0.14302781900350259     
   1.5110656529815647       0.19367992171852683     
   1.5045990897365829       0.24411576305222216     
   1.4964553008616768       0.29427948059077991     
   1.4866461262716730       0.34411569830830058     
   1.4751852031279677       0.39356958387767771     
   1.4620879391870667       0.44258690462436762     
   1.4473714845969077       0.49111408209154300     
   1.4310547022160978       0.53909824518934935     
   1.4131581365302015       0.58648728190503174     
   1.3937039812380225       0.63322988955456927     
   1.3727160455794369       0.67927562356013693     
   1.3502197194747902       0.72457494474120254     
   1.3262419375441676       0.76907926511035551     
   1.3008111420730140       0.81274099216805262     
   1.2739572449886263       0.85551357169334730     
   1.2457115889099883       0.89735152903034543     
   1.2161069073312734       0.93821050887259905     
   1.1851772839971302       0.97804731354991192     
   1.1529581115255956        1.0168199398240896     
   1.1194860493321650        1.0544876142020194     
   1.0847989809062097        1.0910108267761243     
   1.0489359704885697        1.1263513636036893     
   1.0119372191967864        1.1604723376378303     
  0.97384402064208508        1.1933382182239531     
  0.93469871607987531        1.2249148591764485     
  0.89454464913322818        1.2551695254510948     
  0.85342612012651731        1.2840709184291887     
  0.81138834006418481        1.3115891998298166     
  0.76847738428742396        1.3376960142669096     
  0.72474014583946422        1.3623645104678124     
  0.68022428856811068        1.3855693611700306     
  0.63497819999223115        1.4072867817126347     
  0.58905094395701263        1.4274945473384679     
  0.54249221310102458        1.4461720092228716     
  0.49535228115643942        1.4633001092440803     
  0.44768195510217129        1.4788613935097834     
  0.39953252718821075        1.4928400246535929     
  0.35095572684805648        1.5052217929143092     
  0.30200367251488136        1.5159941260099523     
  0.25272882335591951        1.5251460978175222     
  0.20318393093852977        1.5326684358683869     
  0.15342199084047758        1.5385535276680684     
  0.10349619421618747        1.5427954258480234     
   5.3459879330050815E-002   1.5453898521557921     
   3.3664830673323242E-003   1.5463342002886356     
  -4.6730507567197446E-002   1.5456275375744999     
  -9.6777603953064451E-002   1.5432706055028387     
 -0.14672136435065034        1.5392658191065116     
 -0.19650844238086321        1.5336172651946538     
 -0.24608563547818008        1.5263306994350929     
 -0.29539993330709785        1.5174135422835799     
 -0.34439856613168024        1.5068748737558084     
 -0.39302905312741154        1.4947254270369292     
 -0.44123925062396629        1.4809775809220336     
 -0.48897740026677861        1.4656453510798826     
 -0.53619217708444666        1.4487443801310143     
 -0.58283273744803987        1.4302919265302669     
 -0.62884876690728964        1.4103068522427300     
 -0.67419052788744349        1.3888096092011746     
 -0.71880890722924751        1.3658222245321359     
 -0.76265546355309932        1.3413682845370258     
 -0.80568247442688590        1.3154729174139534     
 -0.84784298331538999        1.2881627747053312     
 -0.88909084628742419        1.2594660114558560     
 -0.92938077845503331        1.2294122650650765     
 -0.96866840011720290        1.1980326328185131     
  -1.0069102825785290        1.1653596480811730     
  -1.0440639936112466        1.1314272551373263     
  -1.0800881425268942        1.0962707826605738     
  -1.1149424248217075        1.0599269157985534     
  -1.1485876663576051        1.0224336668571157     
  -1.1809858670383593       0.98383034456943685     
  -1.2121002439382327       0.94415752193635771     
  -1.2418952738380415       0.90345700262523176     
  -1.2703367351212642       0.86177178591574211     
  -1.2973917489804743       0.81914603018251431     
  -1.3230288198820517       0.77562501490591207     
  -1.3472178752348218       0.73125510120415860     
  -1.3699303042060067       0.68608369088188359     
  -1.3911389956256555       0.64015918399235394     
  -1.4108183749185748       0.59353093491301068     
  -1.4289444400007063       0.54624920693650192     
  -1.4454947960749243       0.49836512538217659     
  -1.4604486892593613       0.44993062923597998     
  -1.4737870389796335       0.40099842132987318     
  -1.4854924690547375       0.35162191707527612     
  -1.4955493374049618       0.30185519176860737     
  -1.5039437643088891       0.25175292649075531     
  -1.5106636591355065       0.20137035262625930     
  -1.5156987454765796       0.15076319503209581     
  -1.5190405846038211        9.9987613890246282E-002
  -1.5206825971749955        4.9100145282656160E-002
  -1.5206200831129781       -1.8423594682312940E-003
  -1.5188502395819323       -5.2782795645483833E-002
  -1.5153721769852122      -0.10366386811753921     
  -1.5101869329103379      -0.15442815539431920     
  -1.5032974839474542      -0.20501817469702657     
  -1.4947087553090781      -0.25537644797402093     
  -1.4844276281806710      -0.30544556879010576     
  -1.4724629447336628      -0.35516827001148421     
  -1.4588255107349972      -0.40448749220358193     
  -1.4435280956900851      -0.45334645265391493     
  -1.4265854304592378      -0.50168871492722678     
  -1.4080142022912121      -0.54945825885526001     
  -1.3878330472214391      -0.59659955085878935     
  -1.3660625397868207      -0.64305761449495746     
  -1.3427251800136633      -0.68877810111855042     
  -1.3178453776403691      -0.73370736054165575     
  -1.2914494335419162      -0.77779251157219287     
  -1.2635655183289112      -0.82098151230812633     
  -1.2342236481000941      -0.86322323006079060     
  -1.2034556573335773      -0.90446751077770837     
  -1.1712951689088098      -0.94466524783259176     
  -1.1377775612582428      -0.98376845004791580     
  -1.1029399326549090       -1.0217303088135603     
  -1.0668210626495949       -1.0585052641635682     
  -1.0294613706789488       -1.0940490696720724     
 -0.99090287187369852       -1.1283188560289397     
 -0.95118913010411776       -1.1612731931556679     
 -0.91036520830794543       -1.1928721507225850     
 -0.86847761615408448       -1.2230773569294362     
 -0.82557425510355720       -1.2518520554130288     
 -0.78170436093732365       -1.2791611601477346     
 -0.73691844382864025       -1.3049713082073349     
 -0.69126822604560756       -1.3292509102599304     
 -0.64480657737738389       -1.3519701986714330     
 -0.59758744838518219       -1.3731012730974896     
 -0.54966580158658118       -1.3926181434485658     
 -0.50109754068882539       -1.4104967701183115     
 -0.45193943799361758       -1.4267151013712343     
 -0.40224906010238803       -1.4412531077920934     
 -0.35208469205711307       -1.4540928137062790     
 -0.30150526005741668       -1.4652183254877222     
 -0.25057025289988982       -1.4746158566785710     
 -0.19933964229026779       -1.4822737498529206     
 -0.14787380218328974       -1.4881824951652800     
  -9.6233427308698744E-002  -1.4923347455331368     
  -4.4479451044902578E-002  -1.4947253284119217     
   7.3270371957142033E-003  -1.4953512541298186     
   5.9124874903973786E-002  -1.4942117207591776     
  0.11085290956648783       -1.4913081155107175     
  0.16245008174592765       -1.4866440126462033     
  0.21385550798128633       -1.4802251679148106     
  0.26500856334108519       -1.4720595095278866     
  0.31584896346375269       -1.4621571256962433     
  0.36631684592129876       -1.4505302487634300     
  0.41635285074491130       -1.4371932359775699     
  0.46589819995419463       -1.4221625469532819     
  0.51489477593543820       -1.4054567178838824     
  0.56328519851851910       -1.3870963325724466     
  0.61101290060678060       -1.3671039903583577     
  0.65802220221946262       -1.3455042710236471     
  0.70425838281195385       -1.3223236967707039     
  0.74966775174525635       -1.2975906913697690     
  0.79419771678256501       -1.2713355365810026     
  0.83779685049772723       -1.2435903259618044     
  0.88041495448752261       -1.2143889161754424     
  0.92200312128714701       -1.1837668759219064     
  0.96251379389595804       -1.1517614326162176     
   1.0019008228283968       -1.1184114169431965     
   1.0401195206130014       -1.0837572054209104     
   1.0771267136705280       -1.0478406611076787     
   1.1128807915103531       -1.0107050725896238     
   1.1473417531925068      -0.97239509138730640     
   1.1804712510108364      -0.93295666792099952     
   1.2122326313608884      -0.89243698617463219     
   1.2425909727640863      -0.85088439719839548     
   1.2715131210276323      -0.80834835158946272     
   1.2989677215272490      -0.76487933108925066     
   1.3249252486073573      -0.72052877943416205     
   1.3493580321005421      -0.67534903259482371     
   1.3722402809751602      -0.62939324853649492     
   1.3935481041266595      -0.58271533663059349     
   1.4132595283346001      -0.53536988684419995     
   1.4313545134134658      -0.48741209883098180     
   1.4478149645911182      -0.43889771104326003     
   1.4626247421541596      -0.38988292998094815     
   1.4757696684045218      -0.34042435968886164     
   1.4872375319762898      -0.29057893160945131     
   1.4970180895660725      -0.24040383489338951     
   1.5051030651341748      -0.18995644726566185     
   1.5114861466373748      -0.13929426653991966     
   1.5161629803572914       -8.8474842868857345E-002
   1.5191311628911297       -3.7555711813322193E-002
   1.5203902308740298        1.3405671692231058E-002
   1.5199416485043127        6.4351998405437552E-002
   1.5177887929446410       0.11522616880546564     
   1.5139369376734861       0.16597135602386409     
   1.5083932338623365       0.21653106761947902     
   1.5011666898548073       0.26684920614503849     
   1.4922681488242306       0.31687012845783996     
   1.4817102646864297       0.36653870373170205     
   1.4695074763442337       0.41580037013193938     
   1.4556759803398795       0.46460119011957673     
   1.4402337019907925       0.51288790435532017     
   1.4232002650833566       0.56060798417793978     
   1.4045969601981951       0.60770968263568048     
   1.3844467117391948       0.65414208405309426     
   1.3627740437370461       0.69985515211927563     
   1.3396050444964513       0.74479977648687301     
   1.3149673301543852       0.78892781787443989     
   1.2888900072149054       0.83219215166767635     
   1.2614036341240069       0.87454671001789364     
   1.2325401819459163       0.91594652243860941     
   1.2023329942000522       0.95634775490354962     
   1.1708167459156331       0.99570774745149593     
   1.1380274019586256        1.0339850503053760     
   1.1040021746834012        1.0711394585147522     
   1.0687794809591169        1.1071320451324242     
   1.0323988986184760        1.1419251929372254     
  0.99490112237416650        1.1754826247162711     
  0.95632791924592386        1.2077694321209071     
  0.91672208353884455        1.2387521031114201     
  0.87612739141128260        1.2683985480062123     
  0.83458855506841401        1.2966781241516159     
  0.79215117661535572        1.3235616592288353     
  0.74886170160158816        1.3490214732146661     
  0.70476737228635944        1.3730313990126537     
  0.65991618065275259        1.3955668017712286     
  0.61435682119618218        1.4166045969051004     
  0.56813864351125620        1.4361232668358106     
  0.52131160469920401        1.4541028764668484     
  0.47392622161643061        1.4705250874081277     
  0.42603352298322106        1.4853731709639162     
  0.37768500137018657        1.4986320198975094     
  0.32893256507872276        1.5102881589850541     
  0.27982848993054171        1.5203297543699648     
  0.23042537098024721        1.5287466217283407     
  0.18077607416394814        1.5355302332546972     
  0.13093368789605236        1.5406737234761712     
   8.0951474625652581E-002   1.5441718939021667     
   3.0882822363309928E-002   1.5460212165151650     
  -1.9218803811439492E-002   1.5462198361071553     
  -6.9299910251883728E-002   1.5447675714648503     
 -0.11930702324549476        1.5416659154055381     
 -0.16918673750520252        1.5369180336641020     
 -0.21888576464090739        1.5305287626304205     
 -0.26835098160139809        1.5225046059350424     
 -0.31752947907655737        1.5128537298797300     
 -0.36636860984932579        1.5015859577081825     
 -0.41481603708635667        1.4887127627110004     
 -0.46281978255563294        1.4742472601577319     
 -0.51032827475853071        1.4582041980476723     
 -0.55729039696290794        1.4405999466699655     
 -0.60365553512276926        1.4214524869624916     
 -0.64937362566891632        1.4007813976580319     
 -0.69439520315373404        1.3786078412052785     
 -0.73867144773189675        1.3549545484514154     
 -0.78215423245730109        1.3298458020722503     
 -0.82479617037495523        1.3033074187352192     
 -0.86655066138487491        1.2753667299800406     
 -0.90737193885326528        1.2460525618013611     
 -0.94721511594440688        1.2153952129174133     
 -0.98603623164471954        1.1834264317085255     
  -1.0237922964484572        1.1501793918092653     
  -1.0604413376723958        1.1156886663380892     
  -1.0959424443647239        1.0799902007486080     
  -1.1302558117711339        1.0431212842869741     
  -1.1633427853188623        1.0051205200404527     
  -1.1951659040771310       0.96602779356296331     
  -1.2256889436501255       0.92588424006428538     
  -1.2548769584563080       0.88473221015069781     
  -1.2826963233455215       0.84261523410609507     
  -1.3091147745030038       0.79957798470408037     
  -1.3341014495871109       0.75566623854319159     
  -1.3576269270452588       0.71092683589926819     
  -1.3796632645503504       0.66540763909102196     
  -1.4001840364977607       0.61915748935713344     
  -1.4191643705008432       0.57222616224565803     
  -1.4365809828208869       0.52466432151919529     
  -1.4524122126655297       0.47652347158214753     
  -1.4666380552878251       0.42785590843947158     
  -1.4792401938164834       0.37871466919960500     
  -1.4902020297462888       0.32915348013772266     
  -1.4995087120163366       0.27922670333914623     
  -1.5071471646025656       0.22898928194658216     
  -1.5131061125500898       0.17849668403889365     
  -1.5173761063700850       0.12780484517331248     
  -1.5199495447254685        7.6970109627354968E-002
  -1.5208206953293451        2.6049170381211836E-002
  -1.5199857139801964       -2.4900992113979437E-002
  -1.5174426616580763       -7.5823172331813182E-002
  -1.5131915196066541      -0.12666000317521878     
  -1.5072342023268479      -0.17735402053001800     
  -1.4995745684090036      -0.22784772880245621     
  -1.4902184291321334      -0.27808366737067403     
  -1.4791735547606293      -0.32800447787501008     
  -1.4664496784711243      -0.37755297226695178     
  -1.4520584978447995      -0.42667220153150354     
  -1.4360136738634246      -0.47530552499274620     
  -1.4183308273507893      -0.52339668010744655     
  -1.3990275328049229      -0.57088985264676706     
  -1.3781233095706231      -0.61772974716145479     
  -1.3556396103063053      -0.66386165762138138     
  -1.3315998067040475      -0.70923153811599648     
  -1.3060291724269351      -0.75378607349817150     
  -1.2789548632333845      -0.79747274985008210     
  -1.2504058942640504      -0.84023992464623465     
  -1.2204131144731627      -0.88203689648551498     
  -1.1890091781927015      -0.92281397426125422     
  -1.1562285138246575      -0.96252254563579787     
  -1.1221072896637438       -1.0011151446839528     
  -1.0866833768602726       -1.0385455185680035     
  -1.0499963095404814       -1.0747686931057521     
  -1.0120872421093439       -1.1097410370922756     
 -0.97299890376880172       -1.1434203252358186     
 -0.93277555029237613       -1.1757657995684800     
 -0.89146291310521630       -1.2067382291931119     
 -0.84910814572678783       -1.2362999682291473     
 -0.80575976764155022       -1.2644150118219200     
 -0.76146760567108318       -1.2910490500824301     
 -0.71628273292915257       -1.3161695198274672     
 -0.67025740544911649       -1.3397456539935000     
 -0.62344499658081853       -1.3617485286018014     
 -0.57589992926165468       -1.3821511071568726     
 -0.52767760627379112       -1.4009282823653562     
 -0.47883433860651053       -1.4180569150682700     
 -0.42942727204933306       -1.4335158702855366     
 -0.37951431214785686       -1.4472860502783904     
 -0.32915404766015249       -1.4593504245423121     
 -0.27840567265699201       -1.4696940566506185     
 -0.22732890741416101       -1.4783041278767064     
 -0.17598391824956303       -1.4851699575311712     
 -0.12443123646174918       -1.4902830199585555     
  -7.2731676529869546E-002  -1.4936369581472959     
  -2.0946253737823810E-002  -1.4952275939154789     
   3.0863898612429781E-002  -1.4950529346442460     
   8.2637612231880861E-002  -1.4931131765400656     
  0.13431376695231881       -1.4894107044165532     
  0.18583137374324687       -1.4839500879960463     
  0.23712965747039419       -1.4767380747406504     
  0.28814813922931026       -1.4677835792319496     
  0.33882671808910031       -1.4570976691279474     
  0.38910575208354681       -1.4446935477350378     
  0.43892613828965166       -1.4305865332418539     
  0.48822939183700304       -1.4147940346706540     
  0.53695772369530437       -1.3973355246104482     
  0.58505411709187127       -1.3782325088042924     
  0.63246240241588214       -1.3575084926710532     
  0.67912733047162288       -1.3351889448494310     
  0.72499464394887014       -1.3113012578590970     
  0.77001114698486817       -1.2858747059804199     
  0.81412477269903694       -1.2589404004603966     
  0.85728464858856546       -1.2305312421580523     
  0.89944115968035121       -1.2006818717477030     
  0.94054600934230337       -1.1694286176030733     
  0.98055227766479169       -1.1368094414893182     
   1.0194144773309530       -1.1028638821935037     
   1.0570886069026171       -1.0676329972270495     
   1.0935322014567455       -1.0311593027360333     
   1.1287043805154444      -0.99348671175709635     
   1.1625658932207799      -0.95466047095798312     
   1.1950791607137423      -0.91472709600250390     
   1.2262083156847561      -0.87373430567993993     
   1.2559192390710470      -0.83173095493862748     
   1.2841795938839602      -0.78876696696268545     
   1.3109588561569063      -0.74489326442960146     
   1.3362283430119886      -0.70016170008469447     
   1.3599612378504975      -0.65462498676634517     
   1.3821326126793247      -0.60833662701336000     
   1.4027194475919214      -0.56135084238293187     
   1.4217006474286928      -0.51372250260441521     
   1.4390570556476590      -0.46550705469056836     
   1.4547714654418025      -0.41676045212406482     
   1.4688286281447704      -0.36753908423296794     
   1.4812152589714684      -0.31789970586452776     
   1.4919200401445931      -0.26789936746212833     
   1.5009336214622788      -0.21759534564551575     
   1.5082486183657828      -0.16704507438960292     
   1.5138596075695099      -0.11630607689220472     
   1.5177631203186728       -6.5435898216034613E-002
   1.5199576333425120       -1.4492038785219447E-002
   1.5204435575732564        3.6468111188512412E-002
   1.5192232247029127        8.7387336279917169E-002
   1.5163008716515192       0.13820865935962401     
   1.5116826230217209       0.18887540397888983     
   1.5053764716154081       0.23933125557475501     
   1.4973922570887399       0.28952032144552020     
   1.4877416428221488       0.33938718945124691     
   1.4764380910819206       0.38887698539864757     
   1.4634968365496641       0.43793542907425997     
   1.4489348582954618       0.48650888889418153     
   1.4327708502697256       0.53454443514285999     
   1.4150251903878037       0.58198989177748861     
   1.3957199082801954       0.62879388677842551     
   1.3748786517798637       0.67490590102974146     
   1.3525266522165960       0.72027631571749207     
   1.3286906885866727       0.76485645823660475     
   1.3033990506642799       0.80859864660036118     
   1.2766815011191563       0.85145623234934353     
   1.2485692367029233       0.89338364195939413     
   1.2190948485644049       0.93433641675061163     
   1.1882922817520492       0.97427125130167558     
   1.1561967939592908        1.0131460303758548     
   1.1228449135663909        1.0509198643669155     
   1.0882743970299558        1.0875531232748072     
   1.0525241856689758        1.1230074692224692     
   1.0156343618938726        1.1572458875263729     
  0.97764610492268555        1.1902327163345057     
  0.93860164602619467        1.2219336748464011     
  0.89854422334146899        1.2523158901305551     
  0.85751803629106038        1.2813479225551216     
  0.81556819964283844        1.3089997898481815     
  0.77274069724329442        1.3352429898041129     
  0.72908233545503753        1.3600505216526837     
  0.68464069632717306        1.3833969061074320     
  0.63946409052529340        1.4052582041097110     
  0.59360151004594175        1.4256120342844578     
  0.54710258073862339        1.4444375891233114     
  0.50001751465675015        1.4617156499101509     
  0.45239706225731513        1.4774286004034738     
  0.40429246446760797        1.4915604392892798     
  0.35575540463590410        1.5040967914172856     
  0.30683796038179395        1.5150249178323694     
  0.25759255536066666        1.5243337246121509     
  0.20807191095582797        1.5320137705205426     
  0.15832899791081631        1.5380572734859892     
  0.10841698791368840        1.5424581159119355     
   5.8389205144375164E-002   1.5452118488258464     
   8.2990777956642500E-003   1.5463156948718479     
  -4.1799910422053742E-002   1.5457685501507781     
  -9.1854268782429666E-002   1.5435709849101305     
 -0.14181054804150972        1.5397252430850614     
 -0.19161538892315377        1.5342352406903077     
 -0.24121557058178147        1.5271065630615419     
 -0.29055805903249005        1.5183464609433845     
 -0.33959005553824095        1.5079638454199968     
 -0.38825904494333952        1.4959692816829111     
 -0.43651284394183298        1.4823749816295180     
 -0.48429964926872954        1.4671947952844335     
 -0.53156808580109616        1.4504442010348200     
 -0.57826725455512695        1.4321402946696400     
 -0.62434678056419013        1.4123017772117905     
 -0.66975686062166240        1.3909489415311023     
 -0.71444831087104677        1.3681036577253067     
 -0.75837261422444935        1.3437893572552746     
 -0.80148196758896262        1.3180310158201232     
 -0.84372932887887520        1.2908551349571882     
 -0.88506846378990245        1.2622897223513594     
 -0.92545399230981573        1.2323642708378992     
 -0.96484143493794394        1.2011097360826095     
  -1.0031872585840391        1.1685585129230860     
  -1.0404489221149387        1.1347444103548152     
  -1.0765849215153354        1.0997026251460276     
  -1.1115548346267805        1.0634697140655327     
  -1.1453193654268150        1.0260835647082363     
  -1.1778403878078458       0.98758336490367393     
  -1.2090809888130765       0.94800957069370928     
  -1.2390055112844709       0.90740387286653024     
  -1.2675795958753862       0.86580916203525071     
  -1.2947702223781659       0.82326949225078427     
  -1.3205457503146540       0.77983004314021021     
  -1.3448759587352792       0.73553708056360256     
  -1.3677320851700874       0.69043791578424385     
  -1.3890868636728793       0.64458086314929730     
  -1.4089145618974510       0.59801519628037059     
  -1.4271910171428563       0.55079110277596688     
  -1.4438936713026278       0.50295963743058725     
  -1.4590016046510172       0.45457267397822293     
  -1.4724955683975700       0.40568285537115029     
  -1.4843580159397409       0.35634354260831713     
  -1.4945731327418137       0.30660876213117888     
  -1.5031268647671152       0.25653315180860181     
  -1.5100069453894378       0.20617190553639278     
  -1.5152029207087145       0.15558071648113028     
  -1.5187061731953511       0.10481571900225219     
  -1.5205099435872189        5.3933429290789141E-002
  -1.5206093509631746        2.9906847677069965E-003
  -1.5190014109171051       -4.7955417710477163E-002
  -1.5156850517569240       -9.8847584786328616E-002
  -1.5106611286536762      -0.14962839061899522     
  -1.5039324356669512      -0.20024034192220971     
  -1.4955037155741897      -0.25062594395539278     
  -1.4853816674331830      -0.30072776739538482     
  -1.4735749518091421      -0.35048851601125303     
  -1.4600941936001413      -0.39985109505955230     
  -1.4449519823975452      -0.44875868031238897     
  -1.4281628703211979      -0.49715478762567256     
  -1.4097433672727029      -0.54498334295006945     
  -1.3897119335540458      -0.59218875268242277     
  -1.3680889698031153      -0.63871597425080295     
  -1.3448968042023490      -0.68451058682193466     
  -1.3201596769217714      -0.72951886201553628     
  -1.2939037217630915      -0.77368783450613909     
  -1.2661569449772745      -0.81696537238925582     
  -1.2369492012340797      -0.85930024718536957     
  -1.2063121667284635      -0.90064220335214662     
  -1.1742793094154407      -0.94094202717256659     
  -1.1408858563719788      -0.98015161488433966     
  -1.1061687582917348       -1.0182240399140707     
  -1.0701666511259038       -1.0551136190781554     
  -1.0329198148911145       -1.0907759776113797     
 -0.99447012967313442       -1.1251681128836657     
 -0.95486102886311652       -1.1582484566653719     
 -0.91413744967118404       -1.1899769358020456     
 -0.87234578097027959       -1.2203150311605402     
 -0.82953380853135872       -1.2492258347099705     
 -0.78575065771914476       -1.2766741046030845     
 -0.74104673372574226       -1.3026263181262951     
 -0.69547365942738715       -1.3270507223898300     
 -0.64908421095745150       -1.3499173826332271     
 -0.60193225109647408       -1.3711982280257211     
 -0.55407266058741766       -1.3908670948459170     
 -0.50556126749151087       -1.4088997669305263     
 -0.45645477470688189       -1.4252740132878223     
 -0.40681068577868801       -1.4399696227778431     
 -0.35668722913555440       -1.4529684357682038     
 -0.30614328089281795       -1.4642543726816459     
 -0.25523828636829404       -1.4738134593591266     
 -0.20403218046101373       -1.4816338491702905     
 -0.15258530704758652       -1.4877058418115494     
 -0.10095833755450226       -1.4920218987406653     
  -4.9212188867773801E-002  -1.4945766552056625     
   2.5920592561821687E-003  -1.4953669288350326     
   5.4393247112639390E-002  -1.4943917247655027     
  0.10613021813657482       -1.4916522372930627     
  0.15774190198890098       -1.4871518480424450     
  0.20916739747320823       -1.4808961206597764     
  0.26034605511592807       -1.4728927920426196     
  0.31121755924407785       -1.4631517601310557     
  0.36172200939661564       -1.4516850682927698     
  0.41180000090791136       -1.4385068863442518     
  0.46139270450490855       -1.4236334882591652     
  0.51044194476319438       -1.4070832266236226     
  0.55889027727138663       -1.3888765039065030     
  0.60668106435796298       -1.3690357406210050     
  0.65375854923986809       -1.3475853404613247     
  0.70006792845790755       -1.3245516525056313     
  0.74555542247003903       -1.2999629305833722     
  0.79016834428016358       -1.2738492899113292     
  0.83385516598686582       -1.2462426611087556     
  0.87656558314371003       -1.2171767417073240     
  0.91825057683012956       -1.1866869452764917     
  0.95886247333960628       -1.1548103482892282     
  0.99835500139968247       -1.1215856348568463     
   1.0366833468463394       -1.0870530394649105     
   1.0738042046833676       -1.0512542878448881     
   1.1096758284655037       -1.0142325361183293     
   1.1442580769522828      -0.97603230835194665     
   1.1775124579876948      -0.93669943266299471     
   1.2094021695688266      -0.89628097601485590     
   1.2398921380746537      -0.85482517784272138     
   1.2689490536340005      -0.81238138264873672     
   1.2965414026193745      -0.76899997170498036     
   1.3226394972608662      -0.72473229400117767     
   1.3472155023815644      -0.67963059657214797     
   1.3702434592629424      -0.63374795433766451     
   1.3916993066553975      -0.58713819958469782     
   1.4115608989555497      -0.53985585121894630     
   1.4298080215780162      -0.49195604390915698     
   1.4464224035551492      -0.44349445724403747     
   1.4613877274036473      -0.39452724501758457     
   1.4746896363020203      -0.34511096475443759     
   1.4863157386275780      -0.29530250758243515     
   1.4962556099059439      -0.24515902855494262     
   1.5045007922300371      -0.19473787752075442     
   1.5110447912090372      -0.14409653063448824     
   1.5158830705110371       -9.3292522595408670E-002
   1.5190130440659066       -4.2383379697569647E-002
   1.5204340659973425        8.5734462309212372E-003
   1.5201474183551618        5.9520642926815318E-002
   1.5181562967206348       0.11040110176120235     
   1.5144657937590409       0.16115798071700518     
   1.5090828807946888       0.21173476621694143     
   1.5020163874843828       0.26207533374933289     
   1.4932769796657483       0.31212400724397782     
   1.4828771354569683       0.36182561715502559     
   1.4708311196843504       0.41112555721239047     
   1.4571549567137441       0.45996983980769740     
   1.4418664017611886       0.50830514998505572     
   1.4249849107573034       0.55607889801109478     
   1.4065316088388500       0.60323927050265869     
   1.3865292575396262       0.64973528009433734     
   1.3650022207513961       0.69551681363160289     
   1.3419764295239534       0.74053467887871460     
   1.3174793457716567       0.78474064973374991     
   1.2915399249518993       0.82808750994611224     
   1.2641885777789761       0.87052909533465217     
   1.2354571310347293       0.91202033450711828     
   1.2053787875351838       0.95251728808402891     
   1.1739880853101492       0.99197718643222399     
   1.1413208560504851        1.0303584659153207     
   1.1074141828754029        1.0676208036700610     
   1.0723063574698346        1.1037251509191062     
   1.0360368366395409        1.1386337648322022     
  0.99864619832927937        1.1723102389488258     
  0.96017609714700403        1.2047195321764179     
  0.92066921943475244        1.2358279963791303     
  0.88016923792458324        1.2656034025726584     
  0.83872076601568346        1.2940149657412114     
  0.79636931170656677        1.3210333682929929     
  0.75316123121414913        1.3466307821707268     
  0.70914368230941671        1.3707808896337896     
  0.66436457739740551        1.3934589027283828     
  0.61887253636729633        1.4146415814619357     
  0.57271683923659911        1.4343072506975496     
  0.52594737861166296        1.4524358157838011     
  0.47861461198510902        1.4690087769346261     
  0.43076951388924245        1.4840092423732987     
  0.38246352792306854        1.4974219402537274     
  0.33374851866921368        1.5092332293714066     
  0.28467672351584100        1.5194311086754015     
  0.23530070439755557        1.5280052255917165     
  0.18567329946831793        1.5349468831672994     
  0.13584757471852818        1.5402490460427913     
   8.5876775547710046E-002   1.5439063452609292     
   3.5814278303614673E-002   1.5459150819162788     
  -1.4286458201919055E-002   1.5462732296507029     
  -6.4371941190368404E-002   1.5449804359976793     
 -0.11438869241744509        1.5420380225772732     
 -0.16428329666788016        1.5374489841422472     
 -0.21400245023440162        1.5312179864744737     
 -0.26349300937107700        1.5233513631294953     
 -0.31270203871091162        1.5138571110257781     
 -0.36157685963718456        1.5027448848739202     
 -0.41006509859747048        1.4900259904398210     
 -0.45811473534863539        1.4757133766346027     
 -0.50567415112031233        1.4598216264228967     
 -0.55269217668345783        1.4423669465399851     
 -0.59911814030956800        1.4233671560072203     
 -0.64490191560498922        1.4028416734341487     
 -0.68999396920350642        1.3808115030948371     
 -0.73434540829902339        1.3572992197650571     
 -0.77790802799867720        1.3323289523062269     
 -0.82063435847514943        1.3059263659813567     
 -0.86247771189526223        1.2781186434876828     
 -0.90339222910017392        1.2489344646902438     
 -0.94333292601062890        1.2184039850403245     
 -0.98225573972877278        1.1865588126625024     
  -1.0201175743060209        1.1534319840939733     
  -1.0568763461443786        1.1190579386599135     
  -1.0924910289964542        1.0834724914688714     
  -1.1269216985271970        1.0467128050125647     
  -1.1601295763981356        1.0088173593550178     
  -1.1920770738325963       0.96982592089668573     
  -1.2227278346180590       0.92977950970011303     
  -1.2520467774994688       0.88872036536474908     
  -1.2800001379149732       0.84669191143980338     
  -1.3065555090232137       0.80373871836547939     
  -1.3316818819689746       0.75990646493457203     
  -1.3553496853316973       0.71524189826826279     
  -1.3775308236991142       0.66979279230199329     
  -1.3981987153060638       0.62360790477955241     
  -1.4173283286764224       0.57673693275596938     
  -1.4348962182040517       0.52923046661246786     
  -1.4508805586067233       0.48113994258960696     
  -1.4652611781851697       0.43251759384780541     
  -1.4780195908177196       0.38341640006772110     
  -1.4891390266194475       0.33389003560642777     
  -1.4986044611933995       0.28399281622899619     
  -1.5064026434002755       0.23377964443893579     
  -1.5125221215719664       0.18330595343498315     
  -1.5169532680935816       0.13262764972592181     
  -1.5196883022780741        8.1801054439476259E-002
  -1.5207213114572924        3.0882843365829429E-002
  -1.5200482702132763       -2.0070014219047302E-002
  -1.5176670576738867       -7.1000317900302326E-002
  -1.5135774727974283      -0.12185069958653831     
  -1.5077812475718031      -0.17256368802781258     
  -1.5002820580549387      -0.22308177432452897     
  -1.4910855331847754      -0.27334747835738721     
  -1.4801992612889836      -0.32330341606347346     
  -1.4676327942268292      -0.37289236747849419     
  -1.4533976490982123      -0.42205734546009865     
  -1.4375073074578824      -0.47074166500223069     
  -1.4199772119761889      -0.51888901304552393     
  -1.4008247604914541      -0.56644351868393450     
  -1.3800692974031634      -0.61334982366311996     
  -1.3577321023596496      -0.65955315306155449     
  -1.3338363761987990      -0.70499938604104340     
  -1.3084072241055247      -0.74963512654920006     
  -1.2814716359553184      -0.79340777385260286     
  -1.2530584638191085      -0.83626559277578838     
  -1.2231983966108850      -0.87815778351799190     
  -1.1919239318661077      -0.91903455091664388     
  -1.1592693446457465      -0.95884717302410061     
  -1.1252706535679169      -0.99754806886195768     
  -1.0899655839764180       -1.0350908652155870     
  -1.0533935282630480       -1.0714304623302833     
  -1.0155955033683222       -1.1065230983696170     
 -0.97661410549312111       -1.1403264124963000     
 -0.93649346206181938       -1.1727995064360803     
 -0.89527918098554804       -1.2039030043859256     
 -0.85301829728239409       -1.2335991111290243     
 -0.80975921711949295       -1.2618516682209617     
 -0.76555165935008795       -1.2886262081137931     
 -0.72044659462667160       -1.3138900060876726     
 -0.67449618217924412       -1.3376121298631714     
 -0.62775370435548306       -1.3597634867714576     
 -0.58027349902717129       -1.3803168683640825     
 -0.53211088997453682       -1.3992469923492237     
 -0.48332211536717495       -1.4165305417468632     
 -0.43396425446690934       -1.4321462011614938     
 -0.38409515268426703       -1.4460746900775459     
 -0.33377334512615209       -1.4582987930897722     
 -0.28305797877777050       -1.4688033869882950     
 -0.23200873346684942       -1.4775754646258750     
 -0.18068574176267793       -1.4846041555031699     
 -0.12914950796644506       -1.4898807430162806     
  -7.7460826352738654E-002  -1.4933986783196771     
  -2.5680698824876343E-002  -1.4951535907666393     
   2.6129747851053098E-002  -1.4951432948985677     
   7.7909345066965438E-002  -1.4933677939638905     
  0.12959696548093091       -1.4898292799567614     
  0.18113160604491516       -1.4845321301752556     
  0.23245247078461984       -1.4774829003082952     
  0.28349905316485380       -1.4686903140700032     
  0.33421121787541275       -1.4581652494095700     
  0.38452928187460605       -1.4459207213339527     
  0.43439409453033251       -1.4319718613897812     
  0.48374711670195192       -1.4163358938596728     
  0.53253049861010771       -1.3990321087367037     
  0.58068715634610113       -1.3800818315490266     
  0.62816084687737406       -1.3595083901145122     
  0.67489624141109161       -1.3373370783127916     
  0.72083899698369858       -1.3135951169691620     
  0.76593582615061473       -1.2883116119514517     
  0.81013456465689948       -1.2615175095871054     
  0.85338423697671550       -1.2332455495134114     
  0.89563511961671272       -1.2035302150789484     
  0.93683880208599613       -1.1724076814189468     
  0.97694824544309455       -1.1399157613313355     
   1.0159178383382648       -1.1060938490837777     
   1.0537034504775067       -1.0709828622849666     
   1.0902624834427890       -1.0346251819558734     
   1.1255539188111474      -0.99706459093849986     
   1.1595383635234753      -0.95834621078100946     
   1.1921780924619498      -0.91851643723888465     
   1.2234370882030741      -0.87762287453201460     
   1.2532810779212407      -0.83571426849735708     
   1.2816775674254977      -0.79284043877606758     
   1.3085958723197870      -0.74905221017276213     
   1.3340071462843053      -0.70440134332290416     
   1.3578844064827729      -0.65894046480220048     
   1.3802025561072704      -0.61272299680938480     
   1.4009384040788815      -0.56580308655088651     
   1.4200706819286559      -0.51823553545265233     
   1.4375800578893521      -0.47007572832084427     
   1.4534491482340235      -0.42137956256930192     
   1.4676625259027651      -0.37220337762756539     
   1.4802067264638228      -0.32260388463893541     
   1.4910702514597856      -0.27263809655353027     
   1.5002435691937250      -0.22236325871661422     
   1.5077191130139067      -0.17183678004764971     
   1.5134912771590883      -0.12111616490059444     
   1.5175564102294292       -7.0258945690951577E-002
   1.5199128063506779       -1.9322616370015880E-002
   1.5205606941015741        3.1635433178335066E-002
   1.5195022232763233        8.2557981748051373E-002
   1.5167414495555673       0.13338804036334448     
   1.5122843171605029       0.18406891471299650     
   1.5061386395657077       0.23454426641136433     
   1.4983140783468187       0.28475817303578027     
   1.4888221202395058       0.33465518689483087     
   1.4776760524861832       0.38418039248665825     
   1.4648909365466471       0.43327946261095568     
   1.4504835802483074       0.48189871310271082     
   1.4344725084509335       0.52998515615997221     
   1.4168779322998659       0.57748655224196688     
   1.3977217171404654       0.62435146051777146     
   1.3770273491652218       0.67052928784942656     
   1.3548199008634076       0.71597033629687901     
   1.3311259953414882       0.76062584913543507     
   1.3059737695806828       0.80444805537950181     
   1.2793928366961347       0.84739021280928750     
   1.2514142472601137       0.88940664949981585     
   1.2220704497495463       0.93045280385409068     
   1.1913952501759706       0.97048526314451955     
   1.1594237709537594        1.0094618005687759     
   1.1261924090601492        1.0473414108281445     
   1.0917387935382872        1.0840843442380648     
   1.0561017423921533        1.1196521393820553     
   1.0193212189198648        1.1540076543214861     
  0.98143828752951767        1.1871150963747541     
  0.94249506907938929        1.2189400504803332     
  0.90253469578202239        1.2494495061589015     
  0.86160126570944073        1.2786118830903161     
  0.81973979693452803        1.3063970553216064     
  0.77699618134143356        1.3327763741224015     
  0.73341713813576459        1.3577226895043037     
  0.68905016708329181        1.3812103704206724     
  0.64394350150393798        1.4032153236630949     
  0.59814606104594548        1.4237150114705166     
  0.55170740426333542        1.4426884678665644     
  0.50467768101807964        1.4601163137400559     
  0.45710758472681701        1.4759807706830357     
  0.40904830447045798        1.4902656735999316     
  0.36055147698364165        1.5029564821005863     
  0.31166913853974088        1.5140402906890007     
  0.26245367674595699        1.5235058377586281     
  0.21295778226200771        1.5313435134040008     
  0.16323440045499463        1.5375453660573459     
  0.11333668300223999        1.5421051079576795     
   6.3317939453209640E-002   1.5450181194586483     
   1.3231588761091002E-002   1.5462814521801391     
  -3.6868889205826962E-002   1.5458938310073942     
  -8.6930002163120176E-002   1.5438556549400684     
 -0.13689829390985797        1.5401689967923500     
 -0.18672039281924896        1.5348376017439445     
 -0.23634306031057148        1.5278668847404009     
 -0.28571323929243925        1.5192639267399504     
 -0.33477810256710977        1.5090374698027318     
 -0.38348510118507306        1.4971979110170102     
 -0.43178201273856204        1.4837572952557536     
 -0.47961698958190724        1.4687293067557381     
 -0.52693860696581529        1.4521292595101956     
 -0.57369591107168816        1.4339740864649253     
 -0.61983846693101774        1.4142823275067520     
 -0.66531640621369470        1.3930741162322489     
 -0.71008047486775872        1.3703711654837583     
 -0.75408208059169834        1.3461967516389370     
 -0.79727334011888318        1.3205756976393488     
 -0.83960712629208367        1.2935343547430114     
 -0.88103711490430903        1.2651005829853119     
 -0.92151783128037801        1.2353037303323160     
 -0.96100469657173337        1.2041746105102347     
 -0.99945407373502737        1.1717454794946867     
  -1.0368233131629476        1.1380500106433982     
  -1.0730707979336280        1.1031232684561383     
  -1.1081559886428038        1.0670016809459946     
  -1.1420394677806351        1.0297230106065578     
  -1.1746829836128452       0.99132632396021769     
  -1.2060494935235073       0.95185195967357494     
  -1.2361032067744799       0.91134149522695640     
  -1.2648096266341429       0.86983771212618632     
  -1.2921355918257396       0.82738455964612068     
  -1.3180493172432906       0.78402711709699768     
  -1.3425204338807311       0.73981155460640358     
  -1.3655200279176440       0.69478509241159581     
  -1.3870206789027340       0.64899595865907478     
  -1.4069964969740179       0.60249334571064639     
  -1.4254231590526274       0.55532736495777679     
  -1.4422779439451194       0.50754900014880411     
  -1.4575397662873115       0.45921005923654046     
  -1.4711892092609005       0.41036312475696984     
  -1.4832085560125057       0.36106150275311821     
  -1.4935818197033226       0.31135917026173909     
  -1.5022947721162887       0.26131072138421479     
  -1.5093349707465762       0.21097131196701283     
  -1.5146917843003438       0.16039660292115160     
  -1.5183564165260255       0.10964270221440937     
  -1.5203219283020242        5.8766105574444005E-002
  -1.5205832579045226        7.8236359455664487E-003
  -1.5191372393792477       -4.3127618253386180E-002
  -1.5159826189414340       -9.4030366017817404E-002
  -1.5111200693289493      -0.14482717773560783     
  -1.5045522020345787      -0.19546055019266512     
  -1.4962835773448275      -0.24587297253858914     
  -1.4863207121143085      -0.29600699314017725     
  -1.4746720852068396      -0.34580528724540577     
  -1.4613481405367938      -0.39521072537544716     
  -1.4463612876470320      -0.44416644235724428     
  -1.4297258997629045      -0.49261590690418816     
  -1.4114583092653485      -0.54050299164756344     
  -1.3915768005300126      -0.58777204351666357     
  -1.3701016000836357      -0.63436795436086491     
  -1.3470548640335640      -0.68023623170251413     
  -1.3224606627313229      -0.72532306950526126     
  -1.2963449626365455      -0.76957541883848246     
  -1.2687356053533001      -0.81294105831472341     
  -1.2396622838169296      -0.85536866417367718     
  -1.2091565156159101      -0.89680787988312327     
  -1.1772516134399287      -0.93720938512452545     
  -1.1439826526523529      -0.97652496402864231     
  -1.1093864359924970       -1.0147075725245713     
  -1.0735014554205460       -1.0517114046641540     
  -1.0363678511256624       -1.0874919577826310     
 -0.99802736772562928       -1.1220060963558858     
 -0.95852330769435157       -1.1552121144145611     
 -0.91790048206160635       -1.1870697963757926     
 -0.87620515843756575       -1.2175404761543027     
 -0.83348500642277512       -1.2465870944161297     
 -0.78978904047241438       -1.2741742538403540     
 -0.74516756029175768       -1.3002682722568217     
 -0.69967208884773857       -1.3248372335310610     
 -0.65335530808937825       -1.3478510360713323     
 -0.60627099247750271       -1.3692814388370511     
 -0.55847394043161580       -1.3891021047326511     
 -0.51001990380897133       -1.4072886412763148     
 -0.46096551553775111       -1.4238186384388634     
 -0.41136821553277375       -1.4386717035544478     
 -0.36128617502828619       -1.4518294932115019     
 -0.31077821946809464       -1.4632757420396674     
 -0.25990375009853506       -1.4729962883160623     
 -0.20872266441453641       -1.4809790963222913     
 -0.15729527561326109       -1.4872142753919650     
 -0.10568223121349062       -1.4916940955971596     
  -5.3944431002037607E-002  -1.4944130000311653     
  -2.1429444709873324E-003  -1.4953676136540084     
   4.9661072088512580E-002  -1.4945567486765270     
  0.10140645866889879       -1.4919814064682084     
  0.15303213463759063       -1.4876447759834883     
  0.20447718166941775       -1.4815522287107381     
  0.25568092635294865       -1.4737113101576687     
  0.30658302230481377       -1.4641317278963140     
  0.35712353162795929       -1.4528253362000745     
  0.40724300555221848       -1.4398061173144567     
  0.45688256409863109       -1.4250901594120944     
  0.50598397461255873       -1.4086956312913337     
  0.55448972901481186       -1.3906427538860717     
  0.60234311962469778       -1.3709537686626090     
  0.64948831341408608       -1.3496529029869864     
  0.69587042455724146       -1.3267663325535775     
  0.74143558514725427       -1.3023221409725816     
  0.78613101395637397       -1.2763502766204715     
  0.82990508312437838       -1.2488825068633755     
  0.87270738266625436       -1.2199523697687957     
  0.91448878269788081       -1.1895951234259594     
  0.95520149328605120       -1.1578476929994630     
  0.99479912183700747       -1.1247486156446815     
   1.0332367279456380       -1.0903379834166778     
   1.0704708756355736       -1.0546573843070528     
   1.1064596829285627       -1.0177498415453310     
   1.1411628686896662      -0.97965975130307137     
   1.1745417967029608      -0.94043281893995878     
   1.2065595169405163      -0.90011599393165076     
   1.2371808039954051      -0.85875740361916408     
   1.2663721926573495      -0.81640628591908904     
   1.2941020106173049      -0.77311292113293817     
   1.3203404082947636      -0.72892856299249364     
   1.3450593857888273      -0.68390536907613408     
   1.3682328169611089      -0.63809633072882188     
   1.3898364706652535      -0.59155520261574623     
   1.4098480291443054      -0.54433643203656634     
   1.4282471036232607      -0.49649508812381843     
   1.4450152471299298      -0.44808679104536492     
   1.4601359645826684      -0.39916764132680504     
   1.4735947201886090      -0.34979414940556469     
   1.4853789422007382      -0.30002316552396813     
   1.4954780250864961      -0.24991181006399635     
   1.5038833291645399      -0.19951740442168611     
   1.5105881777698897      -0.14889740251424868     
   1.5155878520108848       -9.8109323008017155E-002
   1.5188795831842083       -4.7210682350293715E-002
   1.5204625429167031        3.7410713169107636E-003
   1.5203378311047999        5.4688623288346269E-002
   1.5185084617241313       0.10557485640438889     
   1.5149793465833064       0.15634291407454121     
   1.5097572770968943       0.20693626215780631     
   1.5028509041534188       0.25729874964709937     
   1.4942707161546080       0.30737466810969261     
   1.4840290153023039       0.35710880984041171     
   1.4721398922093074       0.40644652468889869     
   1.4586191989100565       0.45533377552671156     
   1.4434845203464035       0.50371719232433498     
   1.4267551444029014       0.55154412481231596     
   1.4084520305649424       0.59876269370470214     
   1.3885977772718283       0.64532184046674590     
   1.3672165880354137       0.69117137561242847     
   1.3443342363933595       0.73626202552075859     
   1.3199780297642931       0.78054547776299876     
   1.2941767722702961       0.82397442493596851     
   1.2669607265901590       0.86650260699936510     
   1.2383615749047610       0.90808485211762802     
   1.2084123789937746       0.94867711600925297     
   1.1771475395406679       0.98823651980863492     
   1.1446027547006989        1.0267213864474913     
   1.1108149779842873        1.0640912755646852     
   1.0758223755058010        1.1003070169548419     
   1.0396642826454523        1.1353307425675301     
   1.0023811601696415        1.1691259170699666     
  0.96401454985274759        1.2016573669872104     
  0.92460702964104857        1.2328913084346356     
  0.88420216839716681        1.2627953734581268     
  0.84284448026119063        1.2913386349979254     
  0.80057937866242956        1.3184916304923819     
  0.75745313001362491        1.3442263841380380     
  0.71351280711736798        1.3685164278224942     
  0.66880624231248287        1.3913368207463981     
  0.62338198038621462        1.4126641677506475     
  0.57728923127623399        1.4324766363645303     
  0.53057782258473141        1.4507539725900362     
  0.48329815192523196        1.4674775154369817     
  0.43550113912122235        1.4826302102228859     
  0.38723817827424639        1.4961966206507511     
  0.33856108971780002        1.5081629396770173     
  0.28952207187214352        1.5185169991810055     
  0.24017365301405202        1.5272482784461392     
  0.19056864297454526        1.5343479114621401     
  0.14076008477677945        1.5398086930562496     
   9.0801206225547770E-002   1.5436250838603343     
   4.0745371459223682E-002   1.5457932141194981     
  -9.3539675255053384E-003   1.5463108863465584     
  -5.9443319366126457E-002   1.5451775768254510     
 -0.10946920183425816        1.5423944359653199     
 -0.15937819033342601        1.5379642875057296     
 -0.20911696638498561        1.5318916265721128     
 -0.25863236609237061        1.5241826165792554     
 -0.30787142857356498        1.5148450849793109     
 -0.35678144435129366        1.5038885178495576     
 -0.40531000368989456        1.4913240533138528     
 -0.45340504486717820        1.4771644737905212     
 -0.50101490236880175        1.4614241970582333     
 -0.54808835499178221        1.4441192661303064     
 -0.59457467384275287        1.4252673379267891     
 -0.64042367021542790        1.4048876707326912     
 -0.68558574333048727        1.3830011104297875     
 -0.73001192791972969        1.3596300754885791     
 -0.77365394163486900        1.3347985407062366     
 -0.81646423225977260        1.3085320196756858     
 -0.85839602470326570        1.2808575459704405     
 -0.89940336774785268        1.2518036530293408     
 -0.93944118052784797        1.2214003527250272     
 -0.97846529870846366        1.1896791125997852     
  -1.0164325203353788        1.1566728317523265     
  -1.0533006513222232        1.1224158153591537     
  -1.0890285505412520        1.0869437478143800     
  -1.1235761744802746        1.0502936644722565     
  -1.1569046214266419        1.0125039219772067     
  -1.1889761751367998       0.97361416716688143     
  -1.2197543479475896       0.93366530453463292     
  -1.2492039232831325       0.89269946223888275     
  -1.2772909975087825       0.85075995664810822     
  -1.3039830210812882       0.80789125541162266     
  -1.3292488389419685       0.76413893904796593     
  -1.3530587300974113       0.71954966104456275     
  -1.3753844463299385       0.67417110646434919     
  -1.3961992499778857       0.62805194905731487     
  -1.4154779507236053       0.58124180687736082     
  -1.4331969413250629       0.53379119640753181     
  -1.4493342322249483       0.48575148519954525     
  -1.4638694849693945       0.43717484303660825     
  -1.4767840443667093       0.38811419163178351     
  -1.4880609693149733       0.33862315287763295     
  -1.4976850622259867       0.28875599566652926     
  -1.5056428969718494       0.23856758130487321     
  -1.5119228452794689       0.18811330754848218     
  -1.5165151014975122       0.13744905129061313     
  -1.5194117056597791        8.6631109938441156E-002
  -1.5206065647686788        3.5716141518321566E-002
  -1.5200954722224733       -1.5238896445195282E-002
  -1.5178761253102031       -6.6176809226865196E-002
  -1.5139481406987700      -0.11704022832017023     
  -1.5083130678375145      -0.16777167591910844     
  -1.5009744002068184      -0.21831363039778490     
  -1.4919375843387876      -0.26860859271817067     
  -1.4812100265399457      -0.31859915369130704     
  -1.4688010972480976      -0.36822806201214275     
  -1.4547221329581186      -0.41743829298312740     
  -1.4389864356543878      -0.46617311783666815     
  -1.4216092696909266      -0.51437617356162102     
  -1.4026078560640183      -0.56199153313415495     
  -1.3820013640261795      -0.60896377604862972     
  -1.3598108999948251      -0.65523805903959442     
  -1.3360594937138077      -0.70076018688167341     
  -1.3107720816312174      -0.74547668314998938     
  -1.2839754874623868      -0.78933486081991133     
  -1.2556983999129512      -0.83228289258133603     
  -1.2259713475430405      -0.87426988073944811     
  -1.1948266707602246      -0.91524592657098158     
  -1.1622984909356668      -0.95516219900245602     
  -1.1284226766450405      -0.99397100247470882     
  -1.0932368070431127       -1.0316258438563175     
  -1.0567801323884594       -1.0680814982672271     
  -1.0190935317425271       -1.1032940736730894     
 -0.98021946787515923       -1.1372210741105044     
 -0.94020193941672781       -1.1698214614035434     
 -0.89908643030512114       -1.2010557152326511     
 -0.85691985658398873       -1.2308858914182765     
 -0.81375051061680592       -1.2592756782833772     
 -0.76962800278944654       -1.2861904509612943     
 -0.72460320078200113       -1.3115973235184017     
 -0.67872816649850987       -1.3354651987643915     
 -0.63205609075105029       -1.3577648156270683     
 -0.58464122580218725       -1.3784687939730829     
 -0.53653881587711350       -1.3975516767611185     
 -0.48780502576384277       -1.4149899694196479     
 -0.43849686762652185       -1.4307621763474825     
 -0.38867212616326524       -1.4448488344419099     
 -0.33838928224584669       -1.4572325435662514     
 -0.28770743518407021       -1.4678979938761154     
 -0.23668622376265744       -1.4768319899314710     
 -0.18538574620299517       -1.4840234715298590     
 -0.13386647920605965       -1.4894635312045745     
  -8.2189196236247861E-002  -1.4931454283404462     
  -3.0414885208678414E-002  -1.4950645998688650     
   2.1395334255241226E-002  -1.4952186675129364     
   7.3180293837564123E-002  -1.4936074415629919     
  0.12487885963145545       -1.4902329211721610     
  0.17643001517896459       -1.4850992911712237     
  0.22777294427140088       -1.4782129154114763     
  0.27884711334569162       -1.4695823266538253     
  0.32959235331162112       -1.4592182130317071     
  0.37994894064698431       -1.4471334011246721     
  0.42985767760042576       -1.4333428356885398     
  0.47925997134505455       -1.4178635560968595     
  0.52809791192980970       -1.4007146695569772     
  0.57631434887997313       -1.3819173211722555     
  0.62385296630315845       -1.3614946609298988     
  0.67065835636252058       -1.3394718077013508     
  0.71667609098478924       -1.3158758103493304     
  0.76185279167700382       -1.2907356060422259     
  0.80613619733247333       -1.2640819758827471     
  0.84947522991346802       -1.2359474979634197     
  0.89182005790542462       -1.2063664979666793     
  0.93312215744497740       -1.1753749974319592     
  0.97333437103186593       -1.1430106598162706     
   1.0124109637426788       -1.1093127344783194     
   1.0503076768724229       -1.0743219987192010     
   1.0869817789380258       -1.0380806980151556     
   1.1223921139860307       -1.0006324845797498     
   1.1564991471549015      -0.96202235439419537     
   1.1892650074504734      -0.92229658284531180     
   1.2206535277011159      -0.88150265911092207     
   1.2506302816671087      -0.83968921943222863     
   1.2791626182864957      -0.79690597941199148     
   1.3062196930472849      -0.75320366547612516     
   1.3317724964832363      -0.70863394563467552     
   1.3557938797976272      -0.66324935967605392     
   1.3782585776262595      -0.61710324892592006     
   1.3991432279575609      -0.57024968569924195     
   1.4184263892339182      -0.52274340257085250     
   1.4360885546643301      -0.47463972158629347     
   1.4521121637840859      -0.42599448353092068     
   1.4664816113024375      -0.37686397737116772     
   1.4791832532841291      -0.32730486997756159     
   1.4902054107151823      -0.27737413623457946     
   1.4995383705074832      -0.22712898963776562     
   1.5071743840005016      -0.17662681347371562     
   1.5131076630218689      -0.12592509267361537     
   1.5173343735715659       -7.5081346426020018E-002
   1.5198526271971293       -2.4153061629500296E-002
