  0.39000000000000001        0.0000000000000000     
  0.39000000000000001       0.10061148632539163     
  0.36643556553689016       0.19514386296937103     
  0.32265410946647100       0.27890974185703915     
  0.26245311007459771       0.34848218432212508     
  0.18977311045316914       0.40148515555131792     
  0.10853810534023801       0.43638910473098874     
   2.2590953630625903E-002  0.45234736264176606     
  -6.4316162934249896E-002  0.44908387464454275     
 -0.14850389266720271       0.42683242593228454     
 -0.22633994369242111       0.38632487374104013     
 -0.29422136400112348       0.32882641224780002     
 -0.34858179818384333       0.25621668453854801     
 -0.38594579463376488       0.17111413320066027     
 -0.40306098239288818        7.7034006784490239E-002
 -0.39714867020616862       -2.1447192086092602E-002
 -0.36631587441890362      -0.11858261180958234     
 -0.31014771551345643      -0.20751654822453661     
 -0.23041748770697032      -0.28068535414585627     
 -0.13169292369106950      -0.33071602051552357     
  -2.1442471131334857E-002 -0.35180210971820469     
   9.0741390107624068E-002 -0.34116716974787153     
  0.19478315376823085      -0.29991977846592899     
  0.28201195369697996      -0.23278441761237506     
  0.34647217183201234      -0.14685492061236163     
  0.38526449362580317       -5.0045886420232860E-002
  0.39811854393783597        5.0132531169510643E-002
  0.38664572559664184       0.14724762121627760     
  0.35362000920220865       0.23615464698466901     
  0.30243742968641080       0.31293614962316607     
  0.23676932837970030       0.37472928452149662     
  0.16036870358888905       0.41953630523928770     
   7.6980489153981591E-002  0.44606327831556664     
  -9.6843930756277136E-003  0.45360360692493201     
  -9.5939914954618316E-002  0.44197006164022695     
 -0.17810108357949334       0.41147490322031854     
 -0.25246161947700219       0.36295759394068439     
 -0.31528980079850699       0.29786051432586641     
 -0.36286384606360855       0.21835255050277458     
 -0.39157715675156379       0.12749517961157308     
 -0.39815515805290669        2.9430684409505845E-002
 -0.38003268036200227       -7.0459611582232101E-002
 -0.33592650055330192      -0.16553242304357552     
 -0.26657035112028532      -0.24816296321401027     
 -0.17543022428507232      -0.31051376724726021     
  -6.9022829325660603E-002 -0.34584130912520805     
   4.3597219334597967E-002 -0.35004013156302621     
  0.15229590452102937      -0.32275450138586748     
  0.24776716451389744      -0.26743652827477327     
  0.32305184375623147      -0.19032943276623415     
  0.37414236179994526       -9.8968089630917980E-002
  0.39975119711821316       -8.6633504423294996E-004
  0.40065547199099755        9.7288958910490456E-002
  0.37899159732841436       0.18996415356213606     
  0.33769000370975166       0.27279622059385678     
  0.28009260877705289       0.34246404538807751     
  0.20972601442856081       0.39651920654439254     
  0.13018603420781868       0.43323067432389400     
   4.5094082959252005E-002  0.45146639570826719     
  -4.1903925600604963E-002  0.45061932911091779     
 -0.12711719035941557       0.43057978728039437     
 -0.20678464720120901       0.39175511665292762     
 -0.27706085387365120       0.33513864979974223     
 -0.33403360877701371       0.26243004722536051     
 -0.37380266371709786       0.17620553584664067     
 -0.39266149219568525        8.0124225638067800E-002
 -0.38743525600998574       -2.0871743109792264E-002
 -0.35602275114387699      -0.12045701661393550     
 -0.29813749755692115      -0.21108547957089283     
 -0.21610695468970340      -0.28461874313539887     
 -0.11538290011786376      -0.33353214282835197     
  -4.2967049540847818E-003 -0.35249217029381075     
  0.10717670332471760      -0.33968609030265440     
  0.20928735305961302      -0.29720566182373248     
  0.29419561518172876      -0.23029639461823787     
  0.35683357111139991      -0.14595392664938009     
  0.39488746235247685       -5.1555956438603175E-002
  0.40825809796884160        4.6064625207263246E-002
  0.39838804939867528       0.14106291127114556     
  0.36768264696821806       0.22868372786190141     
  0.31909685781125441       0.30518366745194475     
  0.25587702298696730       0.36768763178530067     
  0.18141951770947914       0.41404339966284748     
   9.9208512440707969E-002  0.44270379751511646     
   1.2803309569787752E-002  0.45264818844096483     
  -7.4146243816916022E-002  0.44334761200089373     
 -0.15787290909025836       0.41477620435954099     
 -0.23446956895025853       0.36747228206794968     
 -0.29989051765197167       0.30265323360687574     
 -0.35000453945333487       0.22238624447983082     
 -0.38074110649000920       0.12980718820237824     
 -0.38838540565755442        2.9355216943557794E-002
 -0.37008056284281032       -7.3058060485095735E-002
 -0.32455736189871620      -0.17009812825571147     
 -0.25299190681976774      -0.25348964201423035     
 -0.15968343282666450      -0.31509535973626085     
  -5.2073450422843365E-002 -0.34848062366620686     
   6.0236056971450902E-002 -0.35041620668742274     
  0.16725510837524102      -0.32157518159303994     
  0.26040912061296756      -0.26607636092557119     
  0.33364143978648281      -0.19022229470631674     
  0.38362248814705774      -0.10111175143880953     
  0.40934866822280258       -5.6083290024026081E-003
  0.41152160574485064        9.0217787370906591E-002
  0.39196782251533963       0.18128075973022559     
  0.35320141445852954       0.26345810672684467     
  0.29813687614536372       0.33347843972308194     
  0.22992232821281830       0.38878994251048554     
  0.15185801877079977       0.42744587191022998     
   6.7370948527749192E-002  0.44802318674032426     
  -1.9976111099800530E-002  0.44958130136487240     
 -0.10645788187120409       0.43166527069361266     
 -0.18815740137635784       0.39435817426859232     
 -0.26095264673483309       0.33838865335224194     
 -0.32054530645332913       0.26529876507659828     
 -0.36257166195105023       0.17767015568132419     
 -0.38285235195300521        7.9385567952728567E-002
 -0.37784742222294210       -2.4142067841846738E-002
 -0.34535894593534860      -0.12591367830317268     
 -0.28542207338574183      -0.21767793676869962     
 -0.20112261011157159      -0.29086199777312804     
  -9.8867963325459288E-002 -0.33807940816691923     
   1.2317716740646779E-002 -0.35475711344227967     
  0.12241619111842326      -0.34012268840723175     
  0.22228317475743731      -0.29706096054003539     
  0.30496797984792678      -0.23103683585911300     
  0.36615588466825622      -0.14872714630782852     
  0.40392597551579307       -5.6905484422420355E-002
  0.41820226183002102        3.8226007503470869E-002
  0.41018563549434162       0.13131980350084044     
  0.38189991524870515       0.21792450480773451     
  0.33587918954866797       0.29440903554874664     
  0.27497663840162717       0.35784916219034291     
  0.20226351940808129       0.40591924927719336     
  0.12099015660182752       0.43680992728299478     
   3.4587265702967614E-002  0.44918150542101803     
  -5.3308967302124581E-002  0.44215919272226262     
 -0.13882275536346911       0.41537622836686316     
 -0.21781250736536953       0.36907247662321385     
 -0.28587699140106226       0.30425640088663292     
 -0.33843183301258750       0.22293354732267659     
 -0.37091283278735615       0.12838755003365568     
 -0.37917807523356828        2.5459524729429105E-002
 -0.36016968432116597       -7.9299760840906744E-002
 -0.31281426750142693      -0.17781778715801153     
 -0.23895049129459853      -0.26126726227043051     
 -0.14383274817179870      -0.32147775713034188     
  -3.5716395572793852E-002 -0.35263531464922199     
   7.5566615208685239E-002 -0.35252780505662851     
  0.18048395773624820      -0.32272364898761868     
  0.27130755607931811      -0.26771844675269729     
  0.34278883329554305      -0.19362680165012161     
  0.39209286145925859      -0.10700817379214993     
  0.41834095882781702       -1.4097227731072394E-002
  0.42206950991721737        7.9572580606334098E-002
  0.40476805865617793       0.16927761177348258     
  0.36854549634038347       0.25106966556271393     
  0.31591613238108412       0.32168467271186352     
  0.24967932166845913       0.37844376493101073     
  0.17286615273699155       0.41917206694754477     
   8.8731935246585167E-002  0.44214802700421157     
   7.7814300405743475E-004  0.44609118409143622     
  -8.7210254827839118E-002  0.43019576619022054     
 -0.17112773297217262       0.39421908126889071     
 -0.24653376954505585       0.33863498018949961     
 -0.30869649357519080       0.26486006943388157     
 -0.35274942826669231       0.17554704871753246     
 -0.37403655065764113        7.4904537885049610E-002
 -0.36872153930979512       -3.1065314703091172E-002
 -0.33467525127536479      -0.13461451632041782     
 -0.27248247352115479      -0.22684251601048189     
 -0.18615324015683246      -0.29897684050955020     
  -8.3001653286953192E-002 -0.34409313353740228     
   2.7538755488781628E-002 -0.35857819475176378     
  0.13574182713082983      -0.34262912359347591     
  0.23323895021253410      -0.29965691704647657     
  0.31391952041602927      -0.23507941521650097     
  0.37405488309838869      -0.15511658353137808     
  0.41195121514327859       -6.5931462258803003E-002
  0.42745045519374369        2.6838241292583324E-002
  0.42147014831184337       0.11825931307525414     
  0.39565369478360785       0.20411460733880168     
  0.35213597619530029       0.28083795916184523     
  0.29340422518651166       0.34542770889811880     
  0.22223004064468382       0.39536885803669231     
  0.14165207664246174       0.42857976883440396     
   5.4993472917447571E-002  0.44339321431759487     
  -3.4099345348782409E-002  0.43858043595075724     
 -0.12161079932485139       0.41342839790952418     
 -0.20312336004985468       0.36788250636360870     
 -0.27383039354445549       0.30276641649523034     
 -0.32864716298149355       0.22008091717015418     
 -0.36249632423451988       0.12335430944743278     
 -0.37085523545987525        1.7953593934941059E-002
 -0.35061020140982163       -8.8831876515080815E-002
 -0.30111152405983943      -0.18820553744334279     
 -0.22506258153841435      -0.27098432728038191     
 -0.12868629761762979      -0.32928818709195207     
  -2.0813276898430044E-002 -0.35817368855528403     
   8.8838937132802345E-002 -0.35644122273102868     
  0.19141594681603583      -0.32632149147717099     
  0.28003695361131126      -0.27240988836931862     
  0.35011733273066842      -0.20046262871556531     
  0.39914916299116565      -0.11646384507130755     
  0.42625984986975857       -2.6068904593138237E-002
  0.43176431177858082        6.5647414423326278E-002
  0.41680536621107844       0.15425238367218752     
  0.38310188279954915       0.23592032696680415     
  0.33279196696912949       0.30736176096476281     
  0.26835025037357868       0.36575127183989919     
  0.19256003333674426       0.40867320456261436     
  0.10852495732585024       0.43409694267189514     
   1.9707598439807725E-002  0.44039167648347388     
  -7.0017942419680235E-002  0.42639191408541655     
 -0.15631731474290919       0.39152763454119277     
 -0.23438043920214585       0.33603404308109158     
 -0.29898845611320035       0.26124970276456805     
 -0.34473864056297016       0.16998779274739564     
 -0.36652257960583295        6.6908323925357061E-002
 -0.36032937256671876       -4.1278344443768197E-002
 -0.32431896206824729      -0.14604923578095758     
 -0.25985552434002612      -0.23800699138270001     
 -0.17194682870574937      -0.30849075557870254     
  -6.8628733043517617E-002 -0.35132843003045516     
   4.0595868809371646E-002 -0.36392915481255517     
  0.14655658401551105      -0.34727016564855429     
  0.24171324542227923      -0.30501065107802211     
  0.32068064440451394      -0.24232239473972592     
  0.38015197835717601      -0.16490193286173993     
  0.41853069192378145       -7.8331935879896897E-002
  0.43550631083442837        1.2243850571090309E-002
  0.43169185096598928       0.10223514349902246     
  0.40835813569987778       0.18760380138737792     
  0.36726085449705226       0.26481169987219816     
  0.31054342168445126       0.33075676201223370     
  0.24069806327759438       0.38271939896373719     
  0.16057064581322009       0.41833315712071395     
   7.3397479344848374E-002  0.43559069325345512     
  -1.7137447032905307E-002  0.43289725365037701     
 -0.10684035826052429       0.40918685202271898     
 -0.19096671130608009       0.36411884429198338     
 -0.26424651760112888       0.29836957729704311     
 -0.32104904053260636       0.21401525878875280     
 -0.35578684577827313       0.11495232673719930     
 -0.36365285408082010        7.2072985967245214E-003
 -0.34168359735436798      -0.10112903980397063     
 -0.28990119858876728      -0.20064150005744649     
 -0.21200292727084508      -0.28207908559596867     
 -0.11505552827721011      -0.33817098093417974     
  -8.1425039215285468E-003 -0.36497192993745164     
   9.9431236941098344E-002 -0.36215754427152058     
  0.19959447600804889      -0.33235195126768158     
  0.28623424642088630      -0.28002794350109844     
  0.35527471733616156      -0.21048623482350853     
  0.40439728781451312      -0.12914395699764825     
  0.43265187977611430       -4.1137506583590056E-002
