   1.0000000000000000        0.0000000000000000     
   1.0000000000000000        6.2831853071795868E-002
  0.99607542158371720       0.12541711760917112     
  0.98826461251617448       0.18751306192431813     
  0.97662050280944912       0.24888167680661263     
  0.96121006327342973       0.30929048132180453     
  0.94211373143317179       0.36851326891058606     
  0.91942481102360030       0.42633079457253570     
  0.89324885079436400       0.48253140448542187     
  0.86370300784740051       0.53691160988360875     
  0.83091540020019006       0.58927660740563992     
  0.79502445273023858       0.63944074842419185     
  0.75617824012095070       0.68722796009673481     
  0.71453382990411785       0.73247212102839276     
  0.67025662818665610       0.77501739452605767     
  0.62351973016450768       0.81471852245138998     
  0.57450327706903126       0.85144108265650220     
  0.52339382076389585       0.88506171291627589     
  0.47038369681563180       0.91546830416149494     
  0.41567040649993425       0.94256016567297840     
  0.35945600787923565       0.96624816472389219     
  0.30194651579510851       0.98645484296014829     
  0.24335131036146596        1.0031145115914892     
  0.18388255332075037        1.0161733272322404     
  0.12375461143461096        1.0255893499840600     
   6.3183485922156071E-002   1.0313325850961510     
   2.3862468318999975E-003   1.0333850092737782     
  -5.8419528862763095E-002   1.0317405824356647     
 -0.11901631672099369        1.0264052454467800     
 -0.17918720315805076        1.0173969040768189     
 -0.23871644395574701        1.0047453991578166     
 -0.29739002425920508       0.98849246263829027     
 -0.35499622130883113       0.96869165895749132     
 -0.41132617107665859       0.94540831089329747     
 -0.46617443986675750       0.91871940877264646     
 -0.51933960179971572       0.88871350167605667     
 -0.57062482293064187       0.85549056901983711     
 -0.61983845254804015       0.81916187066351576     
 -0.66679462196661221       0.77984977346864681     
 -0.71131385086000720       0.73768755203175751     
 -0.75322366087942183       0.69281916113247866     
 -0.79235919597070259       0.64539897728206430     
 -0.82856384843660802       0.59559150663221594     
 -0.86168988939307400       0.54357105641452608     
 -0.89159910184031210       0.48952136703250415     
 -0.91816341411380520       0.43363520192696564     
 -0.94126553100017063       0.37611389238773529     
 -0.96079955930297611       0.31716683459644585     
 -0.97667162412970132       0.25701093636297428     
 -0.98880047165028306       0.19587001126776782     
 -0.99711805355864880       0.13397411824949462     
  -1.0015700879614085        7.1558845086847539E-002
  -1.0021165909340048        8.8645347185649474E-003
 -0.99873237253710678       -5.3864546071008060E-002
 -0.99140749068915157      -0.11638109540185745     
 -0.98014765596006215      -0.17843572152659637     
 -0.96497458010239967      -0.23977794273964823     
 -0.94592626098605614      -0.30015723925463850     
 -0.92305719656739593      -0.35932415335766033     
 -0.89643852061913720      -0.41703143311374952     
 -0.86615805318745442      -0.47303521384009894     
 -0.83232025913985663      -0.52709623048284271     
 -0.79504610873053450      -0.57898105296838498     
 -0.75447283484455963      -0.62846333557176237     
 -0.71075358248963760      -0.67532507038213829     
 -0.66405694718006458      -0.71935783407940190     
 -0.61456640009253549      -0.76036401649664997     
 -0.56247959925200341      -0.79815801886113136     
 -0.50800758750638031      -0.83256740920927452     
 -0.45137387964413206      -0.86343402228483668     
 -0.39281344266600027      -0.89061499127374455     
 -0.33257157490379596      -0.91398369901996013     
 -0.27090269134450812      -0.93343063691210559     
 -0.20806902412366851      -0.94886416043147015     
 -0.14433924865413497      -0.96021113140110337     
  -7.9987047212318974E-002 -0.96741743825732629     
  -1.5289622973262739E-002 -0.97044838715530790     
   4.9473821566788090E-002 -0.96928895838787887     
  0.11402362714616637      -0.96394392440331889     
  0.17808122621618788      -0.95443782760992524     
  0.24137068215251897      -0.94081481810545819     
  0.30362020416820268      -0.92313835341881900     
  0.36456362334296266      -0.90149076425029917     
  0.42394181590306296      -0.87597269199809813     
  0.48150406085707392      -0.84670240551893983     
  0.53700932028560577      -0.81381500605128310     
  0.59022743196153571      -0.77746153049925981     
  0.64094020550107256      -0.73780796431020013     
  0.68894241487197061      -0.69503417596276906     
  0.73404268176910059      -0.64933278560912155     
  0.77606424606585955      -0.60090798068407203     
  0.81484562122125526      -0.54997429131570308     
  0.85024113412922298      -0.49675533816051898     
  0.88212135040579354      -0.44148256486329640     
  0.91037338749355601      -0.38439396673276516     
  0.93490111919980079      -0.32573282645788665     
  0.95562527635925865      -0.26574646679635405     
  0.97248344921493968      -0.20468502917818460     
  0.98542999783737573      -0.14280028611357060     
  0.99443587745488704       -8.0344494204678360E-002
  0.99948838595112532       -1.7569293462755087E-002
   1.0005908410106374        4.5275342451201094E-002
  0.99776219447103720       0.10794210149099909     
  0.99103659138623768       0.17018727141744033     
  0.98046288113514679       0.23177161926683096     
  0.96610408764107025       0.29246121129306296     
  0.94803684541571043       0.35202817334407405     
  0.92635080772461920       0.41025139230781238     
  0.90114803270396826       0.46691715984623539     
  0.87254235275614012       0.52181976012893372     
  0.84065873202716357       0.57476200368312169     
  0.80563261623419558       0.62555570979787978     
  0.76760927857631833       0.67402214016269479     
  0.72674316493557101       0.71999238658933362     
  0.68319724106457436       0.76330771576820622     
  0.63714234396813840       0.80381987405217081     
  0.58875653922339033       0.84139135524877617     
  0.53822448554959967       0.87589563434264073     
  0.48573680753738480       0.90721736996918068     
  0.43148947707888530       0.93525257832497166     
  0.37568320370660108       0.95990878103397592     
  0.31852283374918910       0.98110512929751137     
  0.26021675794740512       0.99877250644350180     
  0.20097632694209897        1.0128536107610568     
  0.14101527384803850        1.0233030202631361     
   8.0549142961561307E-002   1.0300872407658674     
   1.9794723515822291E-002   1.0331847384105282     
  -4.1030512706051146E-002   1.0325859574854459     
 -0.10170897116293875        1.0282933241320191     
 -0.16202349305966984        1.0203212362433873     
 -0.22175791388433649        1.0086960395875169     
 -0.28069762328593589       0.99345598991007167     
 -0.33863012755580196       0.97465120049783593     
 -0.39534561590353051       0.95234357441215378     
 -0.45063753161570669       0.92660672033546720     
 -0.50430314905317974       0.89752585071438762     
 -0.55614415727926469       0.86519766063190096     
 -0.60596725091639314       0.82973018560167466     
 -0.65358472860171135       0.79124263625176527     
 -0.69881509915233786       0.74986520765649822     
 -0.74148369525803870       0.70573886088753479     
 -0.78142329419281809       0.65901507419226091     
 -0.81847474467762948       0.60985556107421646     
 -0.85248759863486911       0.55843195245139221     
 -0.88332074615297407       0.50492544000935502     
 -0.91084305152855960       0.44952637785319211     
 -0.93493398777729231       0.39243383960135841     
 -0.95548426650739471       0.33385512816199003     
 -0.97239645953682297       0.27400523559443563     
 -0.98558560811360463       0.21310625069178374     
 -0.99497981507685151       0.15138671222970793     
  -1.0005208147833511        8.9080906217979761E-002
  -1.0021645151326561        2.6428105967439268E-002
 -0.99988150556497268       -3.6328245650389293E-002
 -0.99365752449493239       -9.8941411720688502E-002
 -0.98349387929573551      -0.16116229380879551     
 -0.96940781167818690      -0.22274041989451512     
 -0.95143280113432482      -0.28342498522085396     
 -0.92961879905213785      -0.34296594259220592     
 -0.90403238617216031      -0.40111513763428008     
 -0.87475684626316497      -0.45762748346759924     
 -0.84189214925538292      -0.51226216816810854     
 -0.80555483759557744      -0.56478388731545137     
 -0.76587781028525870      -0.61496409288780884     
 -0.72300999993344828      -0.66258224878022864     
 -0.67711593919583890      -0.70742708233107743     
 -0.62837521417459552      -0.74929782046934601     
 -0.57698180370318808      -0.78800539847436590     
 -0.52314330491828220      -0.82337362889785537     
 -0.46708004709967210      -0.85524031796206001     
 -0.40902409740782442      -0.88345831673891351     
 -0.34921816383030257      -0.90789649465006284     
 -0.28791440232282201      -0.92844062331622690     
 -0.22537313675507617      -0.94499415952921872     
 -0.16186150180186168      -0.95747891711554400     
  -9.7652020313139895E-002 -0.96583561869292234     
  -3.3021127911611388E-002 -0.97002431976821724     
   3.1752341433627616E-002 -0.97002469925717483     
   9.6388694354761800E-002 -0.96583621228620464     
  0.16060892656752224      -0.95747810302166625     
  0.22413626570260833      -0.94498927721610448     
  0.28669769339422541      -0.92842803611461877     
  0.34802543191645208      -0.90787167527863977     
  0.40785838131834884      -0.88341595371091974     
  0.46594349392578316      -0.85517444035998302     
  0.52203707422360734      -0.82327774660513020     
  0.57590599347139504      -0.78787265464128409     
  0.62732880989987116      -0.74912115277091873     
  0.67609678694073916      -0.70719938945060645     
  0.72201480361570602      -0.66229655852332692     
  0.76490215290734098      -0.61461372839387318     
  0.80459322561311775      -0.56436262798050729     
  0.84093807880604954      -0.51176440211548258     
  0.87380288955665797      -0.45704834869012112     
  0.90307029598286070      -0.40045064927149165     
  0.92863962896380614      -0.34221310418548234     
  0.95042703896389502      -0.28258188219542635     
  0.96836552335342285      -0.22180629393749965     
  0.98240486037741692      -0.16013759723466442     
  0.99251145651456518       -9.7827841329491697E-002
  0.99866811438850778       -3.5128755980172142E-002
   1.0008737286529568        2.7709309721904447E-002
  0.99914291738201289        9.0438395008934858E-002
  0.99350559647187520       0.15281387876838667     
  0.98400650441567028       0.21459537269039616     
  0.97070468456601100       0.27554755523650065     
  0.95367293166701350       0.33544094621676396     
  0.93299720903545202       0.39405262245553840     
  0.90877604231539000       0.45116687562882751     
  0.88111989523680401       0.50657581386857908     
  0.85015053228994031       0.56007990915328199     
  0.81600037269547521       0.61148849284355578     
  0.77881183951654220       0.66062020198078897     
  0.73873670723133811       0.70730337915193631     
  0.69593545057184125       0.75137642884051647     
  0.65057659694125380       0.79268813323913867     
  0.60283608425490376       0.83109793049907688     
  0.55289662561012620       0.86647615834394398     
  0.50094708178266922       0.89870426588357288     
  0.44718184217214291       0.92767499633661532     
  0.39180021447792324       0.95329254321150714     
  0.33500582308011700       0.97547268231023543     
  0.27700601582761525       0.99414288171219034     
  0.21801127869650441        1.0092423916702107     
  0.15823465757653535        1.0207223161111787     
   9.7891186270214051E-002   1.0285456671821716     
   3.7197319647578463E-002   1.0326874040228375     
  -2.3629629210906944E-002   1.0331344566775624     
  -8.4372049131354224E-002   1.0298857357890761     
 -0.14481258952217987        1.0229521284401459     
 -0.20473471892894837        1.0123564802334573     
 -0.26392328478123767       0.99813356342315751     
 -0.32216507560790980       0.98033003063627711     
 -0.37924938693142118       0.95900435344981116     
 -0.43496859195647303       0.93422674482124857     
 -0.48911871804286533       0.90607906410854300     
 -0.54150002979624845       0.87465470316195137     
 -0.59191761942286603       0.84005845172714499     
 -0.64018200477465104       0.80240634016921586     
 -0.68610973525854035       0.76182545731374496     
 -0.72952400549813845       0.71845374100752069     
 -0.77025527631667434       0.67243973883180419     
 -0.80814190225771343       0.62394233625974072     
 -0.84303076447496084       0.57313044944159142     
 -0.87477790740601247       0.52018267973233778     
 -0.90324917719913100       0.46528692705171915     
 -0.92832085939002551       0.40863995919303986     
 -0.94988031283123275       0.35044693428045376     
 -0.96782659636527957       0.29092087372127695     
 -0.98207108421090772       0.23028208321640856     
 -0.99253806550725177       0.16875751968398817     
 -0.99916532294344629       0.10658010232416408     
  -1.0019046849016777        4.3987966510494685E-002
  -1.0007225450726440       -1.8776340261039821E-002
 -0.99560034307755585       -8.1466720499946729E-002
 -0.98653499926522348      -0.14383444633786768     
 -0.97353929656234650      -0.20562913523807058     
 -0.95664220205634609      -0.26659977951518127     
 -0.93588912089953025      -0.32649582642588776     
 -0.91134207515717314      -0.38506830457708535     
 -0.88307980039523126      -0.44207099134183747     
 -0.85119775312909540      -0.49726161489481102     
 -0.81580802274358410      -0.55040308340000876     
 -0.77703914215355785      -0.60126473283014770     
 -0.73503579230716676      -0.64962358389689190     
 -0.68995839663812064      -0.69526559765411100     
 -0.64198260274235819      -0.73798691853309772     
 -0.59129864987514003      -0.77759509290981943     
 -0.53811062231792395      -0.81391025081908741     
 -0.48263559022544233      -0.84676623814572638     
 -0.42510264120159885      -0.87601168656127570     
 -0.36575180753253728      -0.90151100865417966     
 -0.30483289568684946      -0.92314530613327317     
 -0.24260422633389173      -0.94081317967283518     
 -0.17933129468769970      -0.95443142990881114     
 -0.11528536241243870      -0.96393564027791645     
  -5.0741993584115054E-002 -0.96928063379381324     
   1.4020451745415975E-002 -0.97044079744906175     
   7.8722352024684861E-002 -0.96741026968260202     
  0.14308437181560588      -0.96020298821867434     
  0.20682900737661258      -0.94885259751842310     
  0.26968211507760720      -0.93341221704129207     
  0.33137440782743471      -0.91395407344022628     
  0.39164290529437740      -0.89056900166426289     
  0.45023232456191242      -0.86336582166892883     
  0.50689639895897443      -0.83247059899827269     
  0.56139911410279486      -0.79802579886782077     
  0.61351585165442812      -0.76018934451801923     
  0.66303443287016073      -0.71913359150361511     
  0.70975605569221378      -0.67504423022511817     
  0.75349612081552853      -0.62811912939149528     
  0.79408494385162265      -0.57856713323399922     
  0.83136835234620554      -0.52660682518211543     
  0.86520816795938282      -0.47246527038277120     
  0.89548257555593758      -0.41637674891692927     
  0.92208638225418460      -0.35858149087091423     
  0.94493117062712861      -0.29932442358311961     
  0.96394535122706249      -0.23885394044105879     
  0.97907412040807562      -0.17742069957994000     
  0.99027933004934932      -0.11527645976187403     
  0.99753927623950045       -5.2672959622328222E-002
   1.0008484142765661        1.0139154617213264E-002
   1.0002170074807368        7.2911348932052006E-002
  0.99567071732139112       0.13539816574899699     
  0.98725014224180485       0.19735813060307536     
  0.97501031234057600       0.25855460000686742     
  0.95902014675515335       0.31875655014204735     
  0.93936188020652889       0.37773930669452832     
  0.91613046472117199       0.43528521677652993     
  0.88943295206166517       0.49118426441053120     
  0.85938786188503646       0.54523463149307172     
  0.82612454011982239       0.59724320651397800     
  0.78978251152029699       0.64702604358334748     
  0.75051082982838069       0.69440877451996330     
  0.70846742845830690       0.73922697688680172     
  0.66381847412255823       0.78132650092833500     
  0.61673772534493698       0.82056375837694651     
  0.56740589736176472       0.85680597605840580     
  0.51601003449791039       0.88993141714521895     
  0.46274289072251390       0.91982957278765920     
  0.40780231874103229       0.94640132670085675     
  0.35139066766609584       0.96955909510748428     
  0.29371418902965107       0.98922694423381863     
  0.23498245065265241        1.0053406873363009     
  0.17540775767557212        1.0178479629996804     
  0.11520457987250543        1.0267082961994909     
   5.4588984222876343E-002   1.0318931433636338     
  -6.2219284030643465E-003   1.0333859224025377     
  -6.7010583676303651E-002   1.0311820284067228     
 -0.12755949264789243        1.0252888354363878     
 -0.18765181031228231        1.0157256845514304     
 -0.24707189521240630        1.0025238579535898     
 -0.30560587137418710       0.98572653883659178     
 -0.36304219379941494       0.96538875626675447     
 -0.41917221865766213       0.94157731414703427     
 -0.47379077919959128       0.91437070305369916     
 -0.52669676826504497       0.88385899347866714     
 -0.57769372807897112       0.85014370876431056     
 -0.62659044781581952       0.81333767578380989     
 -0.67320156916787088       0.77356485120195939     
 -0.71734819987449983       0.73096012095213592     
 -0.75885853485733179       0.68566907038887270     
 -0.79756848426068827       0.63784772242654242     
 -0.83332230731814405       0.58766224085794794     
 -0.86597325055557506       0.53528859596750866     
 -0.89538418840062695       0.48091218951797837     
 -0.92142826380084519       0.42472743620335213     
 -0.94398952596157526       0.36693729873013592     
 -0.96296356180513909       0.30775277382087923     
 -0.97825811723100065       0.24739232663410171     
 -0.98979370373032660       0.18608127136945496     
 -0.99750418538669972       0.12405109618151960     
  -1.0013373407884263        6.1538730964521053E-002
  -1.0012553938990643       -1.2142429033045849E-003
 -0.99723550749506329       -6.3962441151304922E-002
 -0.98927023239756340      -0.12645758313503241     
 -0.97736790541524377      -0.18844945508219477     
 -0.96155298869310601      -0.24968692799461936     
 -0.94186634304485783      -0.30991902719082026     
 -0.91836542785045749      -0.36889604946881904     
 -0.89112442024073524      -0.42637072281814581     
 -0.86023424658151271      -0.48209940253193900     
 -0.82580251972155461      -0.53584329648662687     
 -0.78795337609006078      -0.58736971129273352     
 -0.74682720752431608      -0.63645331000344973     
 -0.70258028367593905      -0.68287737112725033     
 -0.65538426197898481      -0.72643503785766317     
 -0.60542558345328146      -0.76693054573806008     
 -0.55290475404411210      -0.80418041645176885     
 -0.49803551274097935      -0.83801460509533010     
 -0.44104388934424249      -0.86827758817918244     
 -0.38216715642426297      -0.89482937972441401     
 -0.32165268170440575      -0.91754646319937283     
 -0.25975668875477609      -0.93632262767170982     
 -0.19674293546417509      -0.95106969743783298     
 -0.13288132121959623      -0.96171814552248835     
  -6.8446435023464577E-002 -0.96821758279759362     
  -3.7160578799462210E-003 -0.97053711602482196     
   6.1030366350687662E-002 -0.96866556984670682     
  0.12551327682358504      -0.96261156959591654     
  0.18945454317345700      -0.95240348371671291     
  0.25257899940125167      -0.93808922654823457     
  0.31461594926812186      -0.91973592415666050     
  0.37530062881995396      -0.89742944777373468     
  0.43437561247092032      -0.87127382115639607     
  0.49159215012130397      -0.84139050978454355     
  0.54671142404113637      -0.80791760122533629     
  0.59950571567936062      -0.77100888718402716     
  0.64975947411676793      -0.73083285871220216     
  0.69727027952619580      -0.68757162674184180     
  0.74184969669136913      -0.64141978055358650     
  0.78332401532353246      -0.59258319697374995     
  0.82153487556263216      -0.54127781303809419     
  0.85633977862124366      -0.48772837457865026     
  0.88761248399364934      -0.43216717270567279     
  0.91524329598405463      -0.37483277949686244     
  0.93913924348746969      -0.31596879339964151     
  0.95922415797094895      -0.25582260393027351     
  0.97543865544421215      -0.19464418424691263     
  0.98774002887518952      -0.13268491911231131     
  0.99610205800066121       -7.0196474674197512E-002
   1.0005147438120212       -7.4297154030783363E-003
   1.0009839751718606        5.5366327538732357E-002
  0.99753113505175217       0.11794543324720540     
  0.99019265379042920       0.18006511106241280     
  0.97901951657074204       0.24148746220246681     
  0.96407673202010080       0.30197998247404229     
  0.94544276846924558       0.36131630621813021     
  0.92320896397427599       0.41927689229064430     
  0.89747891573213256       0.47564965342838395     
  0.86836785401418770       0.53023053081285487     
  0.83600200521891421       0.58282401602047695     
  0.80051794811391508       0.63324362284202163     
  0.76206196680953930       0.68131231167195949     
  0.72078940348899800       0.72686286931568767     
  0.67686401341999891       0.76973824714566197     
  0.63045732429576373       0.80979186056276520     
  0.58174800150298356       0.84688785269324385     
  0.53092122049381796       0.88090132518049313     
  0.47816804705053645       0.91171853882080467     
  0.42368482587612399       0.93923708664844585     
  0.36767257762276717       0.96336604190320085     
  0.31033640418274089       0.98402608311735984     
  0.25188490181257306        1.0011495983431968     
  0.19252958144096405        1.0146807703098437     
  0.13248429532309355        1.0245756440533074     
   7.1964669047904176E-002   1.0308021783079273     
   1.1187537779951096E-002   1.0333402816842048     
  -4.9629614477243414E-002   1.0321818343887048     
 -0.11026921387427345        1.0273306959684418     
 -0.17051415527885500        1.0188026992864170     
 -0.23014836172869033        1.0066256306582746     
 -0.28895734607155305       0.99083919580382063     
 -0.34672877603821795       0.97149497099285187     
 -0.40325304391264238       0.94865633849392417     
 -0.45832384185262065       0.92239840516903315     
 -0.51173874377236594       0.89280790279860744     
 -0.56329979452541645       0.85998306847192529     
 -0.61281410692117233       0.82403350314059520     
 -0.66009446687055018       0.78508000621002871     
 -0.70495994668510154       0.74325438383924414     
 -0.74723652624911829       0.69869922843671717     
 -0.78675772144569356       0.65156766668365784     
 -0.82336521884581870       0.60202307329086346     
 -0.85690951526535719       0.55023874760645564     
 -0.88725056035982630       0.49639755014506787     
 -0.91425839996390001       0.44069149611048014     
 -0.93781381739497371       0.38332130303961509     
 -0.95780896943272076       0.32449588981265581     
 -0.97414801316530963       0.26443182445818891     
 -0.98674771936522687       0.20335271843981262     
 -0.99553806753232010       0.14148856544713612     
  -1.0004628172291148        7.9075023134257238E-002
  -1.0014800498455503        1.6352636756205921E-002
 -0.99856267448033686       -4.6433995749476091E-002
 -0.99169889122876964      -0.10903711700273119     
 -0.98089260483769614      -0.17120676073583566     
 -0.96616378144382242      -0.23269175780038154     
 -0.94754874096835118      -0.29324079483281007     
 -0.92510037771556808      -0.35260352179012744     
 -0.89888830183109292      -0.41053170352304685     
 -0.86899889453124413      -0.46678040947761107     
 -0.83553527043021791      -0.52110923452954738     
 -0.79861714087539948      -0.57328354288253336     
 -0.75838057295811800      -0.62307572592928706     
 -0.71497763979799400      -0.67026646401214096     
 -0.66857595879896936      -0.71464598115805500     
 -0.61935811583373346      -0.75601528113274674     
 -0.56752097471415208      -0.79418735258987505     
 -0.51327487282599971      -0.82898833071208666     
 -0.45684270541848926      -0.86025860257598852     
 -0.39845890270915402      -0.88785384354288222     
 -0.33836830565442549      -0.91164597229571454     
 -0.27682494790423401      -0.93152401271758789     
 -0.21409075306157788      -0.94739485163806558     
 -0.15043415786126291      -0.95918388255189968     
  -8.6128673223177854E-002 -0.96683552672381279     
  -2.1451396284849385E-002 -0.97031362460753146     
   4.3318512559344317E-002 -0.96960169219481296     
  0.10790137291768409      -0.96470303873164298     
  0.17201853287393543      -0.95564074414987499     
  0.23539390748619402      -0.94245749651561117     
  0.29775549231475767      -0.92521529174121708     
  0.35883683745847206      -0.90399499969693520     
  0.41837846832647929      -0.87889580264373723     
  0.47612924036738535      -0.85003451354846404     
  0.53184761618986454      -0.81754478329814817     
  0.58530285490108436      -0.78157620707226250     
  0.63627610502126364      -0.74229334113680423     
  0.68456139396085436      -0.69987464207821082     
  0.72996650872719637      -0.65451134099208819     
  0.77231376421688736      -0.60640626538371289     
  0.81144065710785829      -0.55577262153383877     
  0.84720040495431193      -0.50283274985068604     
  0.87946237157613083      -0.44781686528879300     
  0.90811238119546522      -0.39096179429358874     
  0.93305292498628067      -0.33250971895594905     
  0.95420326475306361      -0.27270693816413022     
  0.97149943933395977      -0.21180265455226607     
  0.98489418002823503      -0.15004779499533191     
  0.99435674188000478       -8.7693871318810471E-002
  0.99987265801593295       -2.4991886803588850E-002
   1.0014434244439150        3.7808707003659868E-002
  0.99908612278529707       0.10046099969698480     
  0.99283298834967426       0.16272155513512787     
  0.98273093078474882       0.22435128669398310     
  0.96884101426077807       0.28511627389132882     
  0.95123790379648177       0.34478852037588664     
  0.93000928391715687       0.40314665393261900     
  0.90525525537156915       0.45997656972623113     
  0.87708771513621708       0.51507201848586437     
  0.84562972441672124       0.56823514172850809     
  0.81101486882783291       0.61927695643068592     
  0.77338661440581447       0.66801779179250997     
  0.73289766258814504       0.71428768090101991     
  0.68970930679261200       0.75792671019705049     
  0.64399079274646220       0.79878532968813631     
  0.59591868426076067       0.83672462683560345     
  0.54567623571868085       0.87161656698329426     
  0.49345277215140559       0.90334420309430841     
  0.43944307741310801       0.93180185742632815     
  0.38384679063788629       0.95689527761069293     
  0.32686781086679378       0.97854176941007531     
  0.26871370947206941       0.99667030821857916     
  0.20959514977788163        1.0112216311400384     
  0.14972531308171244        1.0221483112384804     
   8.9319330117193660E-002   1.0294148153019504     
   2.8593716867019007E-002   1.0329975461996161     
  -3.2234186467204246E-002   1.0328848706443827     
  -9.2946774603223481E-002   1.0290771329010138     
 -0.15332673573212346        1.0215866547045958     
 -0.21315761080904144        1.0104377213776305     
 -0.27222435488603042       0.99566655385751723     
 -0.33031390174775116       0.97732126607115288     
 -0.38721573303650869       0.95546180682134441     
 -0.44272245294908796       0.93015988508235137     
 -0.49663036945327815       0.90149887734103296     
 -0.54874008280619702       0.86957371536789252     
 -0.59885708195878273       0.83449075256127070     
 -0.64679234920037776       0.79636760678088414     
 -0.69236297313355477       0.75533297737713156     
 -0.73539276977178936       0.71152643393383408     
 -0.77571291122113262       0.66509817407858374     
 -0.81316256104195439       0.61620874758137034     
 -0.84758951498894741       0.56502874386384727     
 -0.87885084539841696       0.51173843998413304     
 -0.90681354703378036       0.45652740615145099     
 -0.93135518171649267       0.39959406586748908     
 -0.95236451856475224       0.34114520789357078     
 -0.96974216614203412       0.28139544741099998     
 -0.98340119228883760       0.22056663398248524     
 -0.99326772688256559       0.15888720424108815     
 -0.99928154225225230        9.6591477634640294E-002
  -1.0013966054785024        3.3918894041905082E-002
 -0.99958159634756028       -2.8886807345649225E-002
 -0.99382038431626152       -9.1578467815137440E-002
 -0.98411245749724396      -0.15390644677953025     
 -0.97047329640751367      -0.21561961562394749     
 -0.95293468505500278      -0.27646640517702525     
 -0.93154495188375330      -0.33619590324956045     
 -0.90636913317475909      -0.39455899764552776     
 -0.87748905172089153      -0.45130955897727487     
 -0.84500330397319934      -0.50620565652774308     
 -0.80902714940181497      -0.55901079932166975     
 -0.76969229653364601      -0.60949519352149284     
 -0.72714658102249830      -0.65743700628095758     
 -0.68155353217170278      -0.70262362530061129     
 -0.63309182555552690      -0.74485290256541281     
 -0.58195462075851667      -0.78393437013601364     
 -0.52834878475023794      -0.81969041544055965     
 -0.47249400300954425      -0.85195740329874869     
 -0.41462178217491319      -0.88058673192563197     
 -0.35497434968825814      -0.90544581042496008     
 -0.29380345757798110      -0.92641894579974537     
 -0.23136909914958925      -0.94340812828258513     
 -0.16793814887486741      -0.95633370481344770     
 -0.10378293715019572      -0.96513493175296050     
  -3.9179772790609899E-002 -0.96977039939139731     
   2.5592572897510570E-002 -0.97021832246648410     
   9.0254405895808174E-002 -0.96647669269901060     
  0.15452665808225119      -0.95856329125077422     
  0.21813242947845915      -0.94651556095745881     
  0.28079850907160531      -0.93039034014047972     
  0.34225685956013269      -0.91026346170730110     
  0.40224605206120639      -0.88622922306175667     
  0.46051263775979157      -0.85839973402062097     
  0.51681244464525922      -0.82690415143149842     
  0.57091178883607574      -0.79188781047804102     
  0.62258859149642065      -0.75351126371718857     
  0.67163339395760591      -0.71194923970336255     
  0.71785026532793073      -0.66738953360853104     
  0.76105759856366340      -0.62003184254519772     
  0.80108879263990840      -0.57008655834968391     
  0.83779282006541012      -0.51777353040041285     
  0.87103468049666133      -0.46332081065083619     
  0.90069574259620255      -0.40696339247423585     
  0.92667397752576441      -0.34894195417617813     
  0.94888408855101281      -0.28950161716008388     
  0.96725754215117377      -0.22889072776308908     
  0.98174250676945862      -0.16735967074353852     
  0.99230370590984185      -0.10515972132712378     
  0.99892219268771887       -4.2541941632695507E-002
   1.0015950531854030        2.0243873774769400E-002
   1.0003350460604068        8.2950199496783866E-002
  0.99517018581927785       0.14533272536167596     
  0.98614327701817206       0.20715124513926902     
  0.97331140639986302       0.26817048696556445     
  0.95674539964217142       0.32816088529910981     
  0.93652924899119205       0.38689929490928271     
  0.91275951759976115       0.44416964798586106     
  0.88554472590183964       0.49976355595929994     
  0.85500472484007428       0.55348085803427172     
  0.82127006023849303       0.60513011876891198     
  0.78448133208533011       0.65452907728364695     
  0.74478855197109139       0.70150505086206227     
  0.70235050142142275       0.74589529581811931     
  0.65733409337900983       0.78754732855551457     
  0.60991373862823062       0.82631920974252904     
  0.56027071852407051       0.86207979447562433     
  0.50859256498537386       0.89470895121334348     
  0.45507244834347321       0.92409775213444012     
  0.39990857330153456       0.95014863741582589     
  0.34330358295794366       0.97277555574166563     
  0.28546397057866535       0.99190408314903988     
  0.22659949856834727        1.0074715220918269     
  0.16692262388742024        1.0194269823661659     
  0.10664792899186529        1.0277314452909385     
   4.5991557232938948E-002   1.0323578122776578     
  -1.4829348454724072E-002   1.0332909386581555     
  -7.5597204827180367E-002   1.0305276533674002     
 -0.13609454686750089        1.0240767648043361     
 -0.19610458690482352        1.0139590529173470     
 -0.25541177562798068        1.0002072472842551     
 -0.31380236626781144       0.98286599068111391     
 -0.37106498315515191       0.96199178736093771     
 -0.42699119576455613       0.93765293499455626     
 -0.48137609922643576       0.90992943896281153     
 -0.53401890213181180       0.87891290743440731     
 -0.58472352226348434       0.84470642541927932     
 -0.63329919066438423       0.80742440575615360     
 -0.67956106419749818       0.76719241477819988     
 -0.72333084646155199       0.72414697020602692     
 -0.76443741660236952       0.67843530864685297     
 -0.80271746520166087       0.63021511993715662     
 -0.83801613603362501       0.57965424545859878     
 -0.87018767205651770       0.52693033748908813     
 -0.89909606355339478       0.47223047662851264     
 -0.92461569585668479       0.41575074436816450     
 -0.94663199358928019       0.35769574796070769     
 -0.96504205783589259       0.29827809490016366     
 -0.97975529212928592       0.23771781454512761     
 -0.99069401260492973       0.17624172471916155     
 -0.99779403715435933       0.11408274150522647     
  -1.0010052479033835        5.1479130920277172E-002
  -1.0002921208690172       -1.1326298285453267E-002
 -0.99563421622278758       -7.4087060811351302E-002
 -0.98702662222318416      -0.13655391934063954     
 -0.97448034559272179      -0.19847586597173475     
 -0.95802264092207390      -0.25960115819007240     
 -0.93769727160176652      -0.31967840605157105     
 -0.91356469482720315      -0.37845770621998831     
 -0.88570216341030461      -0.43569181743108737     
 -0.85420373747383949      -0.49113737086660397     
 -0.81918019961291733      -0.54455610783359465     
 -0.78075886778892911      -0.59571613608591900     
 -0.73908330107699405      -0.64439319512285198     
 -0.69431289441629385      -0.69037191988532298     
 -0.64662235970561410      -0.73344709147401899     
 -0.59620109193011916      -0.77342486286626566     
 -0.54325242047994549      -0.81012394713942659     
 -0.48799274740069770      -0.84337675544397406     
 -0.43065057596886880      -0.87303047193174266     
 -0.37146543467516968      -0.89894805305119163     
 -0.31068670338542143      -0.92100913908230775     
 -0.24857235008907252      -0.93911086650221021     
 -0.18538758819545839      -0.95316857074363381     
 -0.12140346575406032      -0.96311637011895201     
  -5.6895399215979352E-002 -0.96890762311062140     
   7.8583346176136805E-003 -0.97051525284539020     
   7.2578134029715927E-002 -0.96793193433783287     
  0.13698462025794014      -0.96117014196650208     
  0.20080018262322324      -0.95026205658676632     
  0.26375050579930120      -0.93525933363931313     
  0.32556606445576958      -0.91623273553290507     
  0.38598357113643722      -0.89327163341623916     
  0.44474736412217319      -0.86648338516191481     
  0.50161072314582822      -0.83599259792573333     
  0.55633710214188781      -0.80194028498336090     
  0.60870126968614779      -0.76448292765772885     
  0.65849034936850626      -0.72379145401645750     
  0.70550475400105739      -0.68005014662948404     
  0.74955900925040053      -0.63345549203162455     
  0.79048246395561961      -0.58421498463944754     
  0.82811988601315023      -0.53254589774003203     
  0.86233194424251436      -0.47867403382032386     
  0.89299557806367291      -0.42283246596407154     
  0.92000425809431485      -0.36526028133636790     
  0.94326814189657870      -0.30620133693348883     
  0.96271413005629969      -0.24590303682877440     
  0.97828582855843305      -0.18461513912430375     
  0.98994342402961166      -0.12258859975242657     
  0.99766347885727769       -6.0074459188158388E-002
   1.0014386534728252        2.6772229423065695E-003
   1.0012773632151808        6.5418381418593061E-002
  0.99720337718506491       0.12790390421008135     
  0.98925536637427591       0.18989253448616980     
  0.97748640812504761       0.25114771471701569     
  0.96196345365851321       0.31143837251236173     
  0.94276676502493950       0.37053964854307375     
  0.91998932738740202       0.42823356749813135     
  0.89373624206965696       0.48430965354887834     
  0.86412410529158135       0.53856549222413763     
  0.83128037699373658       0.59080724094767112     
  0.79534274362690760       0.64085009075797505     
  0.75645847826191315       0.68851868192496313     
  0.71478380086713356       0.73364747630470439     
  0.67048324111222002       0.77608108933835440     
  0.62372900559120414       0.81567458461114739     
  0.57470035092042526       0.85229373384810680     
  0.52358296375902147       0.88581524514106036     
  0.47056834842399387       0.91612696208233868     
  0.41585322242912870       0.94312803632951481     
  0.35963891996783220       0.96672907594755497     
  0.30213080308422330       0.98685227167416767     
  0.24353768003432535        1.0034315030348422     
  0.18407123012936041        1.0164124259994727     
  0.12394543417530467        1.0257525436255472     
   6.3376009476295583E-002   1.0314212608762141     
   2.5798482534936077E-003   1.0333999245373657     
  -5.8225541755015688E-002   1.0316818488881332     
 -0.11882259580422391        1.0262723275055838     
 -0.17899425108041769        1.0171886313085163     
 -0.23852450738426315        1.0044599926685065     
 -0.29719899084466661       0.98812757514021321     
 -0.35480552188925130       0.96824442808888556     
 -0.41113468860746161       0.94487542522261492     
 -0.46598042652214167       0.91809718577192811     
 -0.51914060563422471       0.88799797680184056     
 -0.57041762542214680       0.85467759489382134     
 -0.61961901826197663       0.81824722519995940     
 -0.66655806148531704       0.77882927565208149     
 -0.71105439800921766       0.73655718390822456     
 -0.75293466515533236       0.69157519444176663     
 -0.79203313092441696       0.64403810302921738     
 -0.82819233660754432       0.59411096577621192     
 -0.86126374419829699       0.54196876974314434     
 -0.89110838662263869       0.48779606219804550     
 -0.91759751832804637       0.43178653554100566     
 -0.94061326327474859       0.37414256501813220     
 -0.96004925685473130       0.31507469648024594     
 -0.97581127773502718       0.25480108164865078     
 -0.98781786508864800       0.19354685863339385     
 -0.99600091614879194       0.13154347581385781     
  -1.0003062585106526        6.9027957641737789E-002
  -1.0006941911227629        6.2421114655985708E-003
 -0.99713998747023191       -5.6568324894229888E-002
 -0.98963435407060263      -0.11915459437223699     
 -0.97818383709547940      -0.18126588943130820     
 -0.96281116971423619      -0.24265037624136995     
 -0.94355555264686974      -0.30305627116145212     
 -0.92047286042782128      -0.36223296540366229     
 -0.89363576603671957      -0.41993219269321436     
 -0.86313377685906623      -0.47590923364891807     
 -0.82907317541090708      -0.52992414951588640     
 -0.79157685890417651      -0.58174303681216788     
 -0.75078407254721158      -0.63113929343163822     
 -0.70685003246662259      -0.67789488580673907     
 -0.65994543529557448      -0.72180160590748754     
 -0.61025585278701078      -0.76266230616850905     
 -0.55798101125980804      -0.80029209992336015     
 -0.50333395724660535      -0.83451951461230189     
 -0.44654011235372343      -0.86518758493933268     
 -0.38783622203069795      -0.89215487330498555     
 -0.32746920463987222      -0.91529640524516975     
 -0.26569490887266645      -0.93450450826798004     
 -0.20277678913453248      -0.94968954339674339     
 -0.13898450997135633      -0.96078051988710167     
  -7.4592491894247867E-002 -0.96772558496874850     
  -9.8784120389979555E-003 -0.97049238204066235     
   5.4878326061930563E-002 -0.96906827248721294     
  0.11939813873927559      -0.96346041814021322     
  0.18340280932730255      -0.95369572334313080     
  0.24661702102851876      -0.93982063752971101     
  0.30876986063313616      -0.92190082116070471     
  0.36959627879181212      -0.90002067972075028     
  0.42883849337193719      -0.87428277221712136     
  0.48624732349690009      -0.84480710220202704     
  0.54158344314143614      -0.81173030072551855     
  0.59461854459615937      -0.77520471178911743     
  0.64513640367888370      -0.73539739179131114     
  0.69293384021568627      -0.69248903512368931     
  0.73782156899705276      -0.64667283848764179     
  0.77962493809157885      -0.59815331666103744     
  0.81818455303223647      -0.54714508236415360     
  0.85335678694294836      -0.49387160257252205     
  0.88501417811601923      -0.43856394312451519     
  0.91304571785939193      -0.38145951280038837     
  0.93735703258826386      -0.32280081723654674     
  0.95787046512586504      -0.26283423211463014     
  0.97452506099650060      -0.20180880406024623     
  0.98727646613899966      -0.13997508663046257     
  0.99609674294395112       -7.7584017690259924E-002
   1.0009741118310780       -1.4885843401290186E-002
   1.0019126257446340        4.7870907006306349E-002
  0.99893178496815072       0.11044039251767288     
  0.99206609956033065       0.17258037546198604     
  0.98136460650753310       0.23405307915558846     
  0.96689034839170562       0.29462598752941133     
  0.94871982000221666       0.35407258692583610     
  0.92694238889169178       0.41217305087710487     
  0.90165969540455437       0.46871486921543476     
  0.87298503720622167       0.52349342331550019     
  0.84104274282313063       0.57631250963593095     
  0.80596753817981082       0.62698481401222894     
  0.76790390959842048       0.67533233936425952     
  0.72700546621637896       0.72118678962309335     
  0.68343430428540553       0.76438991276068569     
  0.63736037534554801       0.80479380582804982     
  0.58896085982460189       0.84226118487952106     
  0.53841954719957485       0.87666562258852021     
  0.48592622347453973       0.90789175624970220     
  0.43167606637956563       0.93583546871890344     
  0.37586904837903834       0.96040404467081297     
  0.31870934729470080       0.98151630435924797     
  0.26040476409892621       0.99910271685028140     
  0.20116614721659673        1.0131054944677527     
  0.14120682248886052        1.0234786699469405     
   8.0742027798284280E-002   1.0301881575380558     
   1.9988351231814163E-002   1.0332117990389944     
  -4.0836828435109537E-002   1.0325393954684954     
 -0.10151590021346983        1.0281727248182166     
 -0.16183157964914649        1.0201255460468510     
 -0.22156746916477735        1.0084235892027418     
 -0.28050862129108950       0.99310453128494391     
 -0.33844210603075092       0.97421795717778625     
 -0.39515758351507529       0.95182530472228521     
 -0.45044788300094035       0.92599979272097899     
 -0.50410958911135528       0.89682633041286552     
 -0.55594363604745933       0.86440140670440069     
 -0.60575591029155018       0.82883295720357730     
 -0.65335786207926627       0.79024020687998708     
 -0.69856712564367307       0.74875348596795099     
 -0.74120814792432799       0.70451401654625068     
 -0.78111282509038416       0.65767366707116559     
 -0.81812114584886053       0.60839467201437769     
 -0.85208184009837395       0.55684931366927881     
 -0.88285303104667501       0.50321956314417415     
 -0.91030288843990770       0.44769667756503212     
 -0.93431028005633454       0.39048075057024806     
 -0.95476541810222126       0.33178021330192969     
 -0.97157049661886496       0.27181128328894733     
 -0.98464031547501185       0.21079735888258810     
 -0.99390288598728116       0.14896835725169708     
 -0.99930001269337332        8.6559994375383198E-002
  -1.0007878453109946        2.3813005991202361E-002
 -0.99833739446322489       -3.9027690932901107E-002
 -0.99193500435341664      -0.10171389593377320     
 -0.98158277524560744      -0.16399508093733237     
 -0.96729892836650078      -0.22561940236210956     
 -0.94911810570923560      -0.28633476656559376     
 -0.92709159720403078      -0.34588994474699009     
 -0.90128748784205603      -0.40403573236162371     
 -0.87179071761060944      -0.46052614701381628     
 -0.83870304753154756      -0.51511965769842916     
 -0.80214292569939927      -0.56758043718135065     
 -0.76224524799522109      -0.61767962827363443     
 -0.71916100910683967      -0.66519661379244088     
 -0.67305684061018034      -0.70992027914527667     
 -0.62411443414861578      -0.75165025575334077     
 -0.57252984917033622      -0.79019813297518571     
 -0.51851270622422529      -0.82538862583127270     
 -0.46228526844337614      -0.85706068568769156     
 -0.40408141552771304      -0.88506854115284583     
 -0.34414551623431644      -0.90928265678775411     
 -0.28273120705389304      -0.92959059783521925     
 -0.22010008635049580      -0.94589779003404939     
 -0.15652033472500221      -0.95812816469206319     
  -9.2265273688474189E-002 -0.96622468052764032     
  -2.7611875860130978E-002 -0.97014971532785454     
   3.7160759197943059E-002 -0.96988532217808765     
  0.10177294875873824      -0.96543334685349436     
  0.16594597521057300      -0.95681540488187655     
  0.22940362365955672      -0.94407271874232723     
  0.29187369389626933      -0.92726581760496662     
  0.35308947227527876      -0.90647410389535088     
  0.41279114983089316      -0.88179529273632662     
  0.47072717397096503      -0.85334473193812765     
  0.52665552232106050      -0.82125461163805513     
  0.58034488869670620      -0.78567307390484231     
  0.63157577272057952      -0.74676323359831731     
  0.68014146623102756      -0.70470212249907682     
  0.72584893130432071      -0.65967956919074433     
  0.76851956639286045      -0.61189702739217899     
  0.80798985872512741      -0.56156636540925609     
  0.84411192268434310      -0.50890862912247825     
  0.87675392535038177      -0.45415279046991358     
  0.90580040172773379      -0.39753449275101238     
  0.93115246337154356      -0.33929480329469391     
  0.95272790515020778      -0.27967898313511369     
  0.97046121573884780      -0.21893528235139215     
  0.98430349812074902      -0.15731376868317423     
  0.99422230688606450       -9.5065195960373550E-002
   1.0002014094654008       -3.2439917808613578E-002
   1.0022404786304910        3.0313148965429630E-002
   1.0003547236478423        9.2947507922745962E-002
  0.99457446739876887       0.15522001105156560     
  0.98494467659653118       0.21689172980930810     
  0.97152445195487469       0.27772876843557354     
  0.95438648480856636       0.33750301955803513     
  0.93361648627151872       0.39599286275874168     
  0.90931259455686975       0.45298380732530930     
  0.88158476558988941       0.50826908088073264     
  0.85055415153140768       0.56165016596974038     
  0.81635247130774713       0.61293728698277838     
  0.77912137672253912       0.66194985002585149     
  0.73901181721446252       0.70851683850130998     
  0.69618340582960159       0.75247716725736979     
  0.65080378850317999       0.79367999819903090     
  0.60304801829707688       0.83198502023640808     
  0.55309793581988909       0.86726269638445008     
  0.50114155666754623       0.89939448072643635     
  0.44737246636600730       0.92827300781795730     
  0.39198922297411254       0.95380225694332510     
  0.33519476721446401       0.97589769344706689     
  0.27719583974310991       0.99448638915337961     
  0.21820240494438456        1.0095071236597675     
  0.15842708044491155        1.0209104680506700     
   9.8084571379836935E-002   1.0286588523254527     
   3.7391108314139575E-002   1.0327266175750314     
  -2.3436112378254315E-002   1.0331000536746786     
  -8.4179486945357929E-002   1.0297774229890266     
 -0.14462156280712668        1.0227689703105292     
 -0.20454559854596596        1.0120969189761748     
 -0.26373612664236884       0.99779545283048920     
 -0.32197952021431148       0.97991068342727650     
 -0.37906456494341811       0.95850060158967321     
 -0.43478303726512285       0.93363501217961697     
 -0.48893028976341402       0.90539545066568805     
 -0.54130584454246677       0.87387507982466794     
 -0.59171399514673351       0.83917856466962948     
 -0.63996441736708132       0.80142192346887364     
 -0.68587278900266857       0.76073235250895666     
 -0.72926141834597791       0.71724802206527560     
 -0.76995988082162181       0.67111784087957282     
 -0.80780566283851385       0.62250118631014784     
 -0.84264481151061765       0.57156759722289130     
 -0.87433258846533901       0.51849642663527362     
 -0.90273412549316523       0.46347645111731239     
 -0.92772507930084069       0.40670543399975267     
 -0.94919228211783124       0.34838963954680646     
 -0.96703438437798239       0.28874329542535648     
 -0.98116248516245497       0.22798800105081715     
 -0.99150074555504653       0.16635207971763138     
 -0.99798697953725013       0.10406987283461826     
  -1.0005732165497723        4.1380975085880276E-002
 -0.99922622938310990       -2.1470590070973287E-002
 -0.99392802064687746       -8.4237254475519538E-002
 -0.98467626072169734      -0.14666884803925315     
 -0.97148466983519322      -0.20851359850377030     
 -0.95438333674191256      -0.26951918552899684     
 -0.93341896644262046      -0.32943384545884186     
 -0.90865504946735665      -0.38800752206022920     
 -0.88017194548345778      -0.44499305744549167     
 -0.84806687438670869      -0.50014741628873316     
 -0.81245380860017613      -0.55323293535832052     
 -0.77346326104655505      -0.60401858933730657     
 -0.73124196417692588      -0.65228126292066635     
 -0.68595243652738114      -0.69780701829350178     
 -0.63777243452501042      -0.74039234633902817     
 -0.58689428866018856      -0.77984538932966929     
 -0.53352412466083132      -0.81598712244748839     
 -0.47788097191820733      -0.84865248128672577     
 -0.42019576308955070      -0.87769142253209653     
 -0.36071023050203954      -0.90296990529661714     
 -0.29967570666413351      -0.92437078115010662     
 -0.23735183781011837      -0.94179458167446861     
 -0.17400522091776580      -0.95516019343647962     
 -0.10990797600424140      -0.96440541155673798     
  -4.5336266681680421E-002 -0.96948736455010243     
   1.9431217094235557E-002 -0.97038280478620742     
   8.4114799451032243E-002 -0.96708826072973453     
  0.14843536714674802      -0.95962004902505549     
  0.21211591104822003      -0.94801414644107129     
  0.27488304550823789      -0.93232592364021960     
  0.33646849105375759      -0.91262974463156366     
  0.39661050651405261      -0.88901843756456700     
  0.45505525768389293      -0.86160264417446097     
  0.51155811080243474      -0.83051005666437949     
  0.56588484049738508      -0.79588455207279429     
  0.61781274335576442      -0.75788523520405671     
  0.66713164989420848      -0.71668540198008746     
  0.71364482936935614      -0.67247143559585831     
  0.75716978354942488      -0.62544164813177727     
  0.79753892722089759      -0.57580508030142841     
  0.83460015479231031      -0.52378027180894338     
  0.86821729384812796      -0.46959401437773712     
  0.89827044787273724      -0.41348009891685789     
  0.92465623158667043      -0.35567806754120695     
  0.94728790339930613      -0.29643198028751833     
  0.96609540037537678      -0.23598920539990048     
  0.98102528183309146      -0.17459924102699206     
  0.99204058824102082      -0.11251257510592517     
  0.99912062246490285       -4.9979589132616305E-002
