  0.71999999999999997        0.0000000000000000     
  0.71999999999999997        7.4048048969306099E-002
  0.71250380918066059       0.14732515584850983     
  0.69770443181727082       0.21909217522792848     
  0.67586213335037826       0.28864758631856785     
  0.64729784151871406       0.35533216463984885     
  0.61238661716221399       0.41853261381961809     
  0.57155132475605430       0.47768428790244144     
  0.52525659565089999       0.53227313968226198     
  0.47400314404095101       0.58183702877090604     
  0.41832246741028600       0.62596651624399646     
  0.35877193969776350       0.66430526238997201     
  0.29593028642359437       0.69655013165240476     
  0.23039341608874692       0.72245109532431595     
  0.16277057074432918       0.74181100866559313     
   9.3680750161009227E-002  0.75448532536196566     
   2.3749357966906987E-002  0.76038179891035773     
  -4.6394986010550490E-002  0.75946020772055955     
 -0.11612352555809942       0.75173212846246751     
 -0.18481039975360289       0.73726077036853821     
 -0.25183568650579685       0.71616087167233589     
 -0.31658851727133536       0.68859864794658421     
 -0.37847032057851643       0.65479177061468785     
 -0.43689824917215037       0.61500934218618808     
 -0.49130884141799641       0.56957182269409334     
 -0.54116196174054720       0.51885084935098202     
 -0.58594505690147480       0.46326887865898425     
 -0.62517775437673073       0.40329856731684099     
 -0.65841681543816832       0.33946179565715040     
 -0.68526143827571906       0.27232822563082815     
 -0.70535888516180656       0.20251327540090880     
 -0.71841038196761620       0.13067538555955882     
 -0.72417720826051368        5.7512449265870617E-002
 -0.72248686210560153       -1.6242718110457813E-002
 -0.71323914646000863       -8.9827983127681810E-002
 -0.69641198525856418      -0.16245866466349229     
 -0.67206673930055316      -0.23333553087700432     
 -0.64035275804396774      -0.30165403843022254     
 -0.60151087734541253      -0.36661477227951755     
 -0.55587555955087431      -0.42743497519622087     
 -0.50387537580019437      -0.48336097782772219     
 -0.44603155518210913      -0.53368125696893887     
 -0.38295437452571779      -0.57773976801109395     
 -0.31533723722641682      -0.61494912502307641     
 -0.24394838797107002      -0.64480314719541199     
 -0.16962032777200314      -0.66688826184372385     
  -9.3237122362408789E-002 -0.68089325876506512     
  -1.5719926091981463E-002 -0.68661693261380941     
   6.1988839222455586E-002 -0.68397322937616833     
  0.13894211767589310      -0.67299362576435240     
  0.21420507301944094      -0.65382660787192559     
  0.28687155303685452      -0.62673426575174129     
  0.35607958034906406      -0.59208616986689311     
  0.42102535154280379      -0.55035082989547690     
  0.48097532578726593      -0.50208514445448460     
  0.53527610577859042      -0.44792232383718061     
  0.58336194552074216      -0.38855880315337649     
  0.62475984885491376      -0.32474066113850325     
  0.65909233926133337      -0.25725002501316496     
  0.68607807756385897      -0.18689188148422009     
  0.70553057534945940      -0.11448163697737994     
  0.71735529695824740       -4.0833685227609849E-002
  0.72154546327919256        3.3248844797107727E-002
  0.71817686969954431       0.10698306685291194     
  0.70740201289637283       0.17961401646010061     
  0.68944379156897273       0.25042106264268493     
  0.66458900929913034       0.31872312706909711     
  0.63318186747978777       0.38388281553671910     
  0.59561759583913831       0.44530958546572891     
  0.55233632980750402       0.50246208206879261     
  0.50381730932209479       0.55484977710769690     
  0.45057344344880207       0.60203403954945023     
  0.39314625969377937       0.64362875871102232     
  0.33210123596809094       0.67930062908001421     
  0.26802349649199952       0.70876919306544428     
  0.20151383997680281       0.73180672432438265     
  0.13318505864199112       0.74823802061934608     
   6.3658499461754350E-002  0.75794016175726098     
  -6.4391860147961950E-003  0.76084227523081094     
  -7.6479160286359857E-002  0.75692533977369725     
 -0.14583344598689182       0.74622204509580015     
 -0.21387795934011633       0.72881671445486662     
 -0.27999559076593261       0.70484528527900714     
 -0.34357939132798676       0.67449533159448782     
 -0.40403592155238371       0.63800610036124583     
 -0.46078881573480274       0.59566852183447405     
 -0.51328260989761165       0.54782514167712093     
 -0.56098687467834196       0.49486990976070017     
 -0.60340068516645029       0.43724774755311335     
 -0.64005744754249294       0.37545380301011005     
 -0.67053008678092363       0.31003228947433276     
 -0.69443658015984633       0.24157479399832857     
 -0.71144579749621439       0.17071793177418126     
 -0.72128358072369636        9.8140218287390349E-002
 -0.72373896281860239        2.4558031001391162E-002
 -0.71867038979840170       -4.9279460382442228E-002
 -0.70601177082964861      -0.12259649986797558     
 -0.68577814239826373      -0.19459816518418854     
 -0.65807069585314792      -0.26447904069691464     
 -0.62308088708897813      -0.33143313009708503     
 -0.58109332701364014      -0.39466493131804786     
 -0.53248714643500139      -0.45340152103868298     
 -0.47773554363512355      -0.50690541396806355     
 -0.41740326087826207      -0.55448787835500624     
 -0.35214179949457286      -0.59552231100623210     
 -0.28268227165360449      -0.62945721090677365     
 -0.20982589712831404      -0.65582824899424974     
 -0.13443227862288218      -0.67426892052764043     
  -5.7405719976740939E-002 -0.68451929135913592     
   2.0320023975166645E-002 -0.68643241234469587     
   9.7798071354038646E-002 -0.67997807488797657     
  0.17408524083133423      -0.66524370847231051     
  0.24825877575590138      -0.64243236734300646     
  0.31943236381273687      -0.61185790500168513     
  0.38677089973877571      -0.57393757784468380     
  0.44950352405581201      -0.52918244032727779     
  0.50693458365385458      -0.47818598365349124     
  0.55845228847628281      -0.42161152251670680     
  0.60353497001038703      -0.36017884874116085     
  0.64175497035643492      -0.29465064988021811     
  0.67278029632447101      -0.22581914122179875     
  0.69637425542655218      -0.15449328947256344     
  0.71239334722087810       -8.1486924466880342E-002
  0.72078371459116808       -7.6079498371108513E-003
  0.72157646784009211        6.6351218429039377E-002
  0.71488218401759085       0.13962193016389576     
  0.70088485942805701       0.21146630246722756     
  0.67983555949856689       0.28118299983198597     
  0.65204597140762155       0.34811188414623567     
  0.61788202458849872       0.41163764947134485     
  0.57775770509812407       0.47119256971805679     
  0.53212915371045122       0.52625849198321595     
  0.48148910554465518       0.57636820630779506     
  0.42636170156732334       0.62110631577075615     
  0.36729767946122988       0.66010972070100860     
  0.30486993287175013       0.69306781864075595     
  0.23966941348018983       0.71972250850276154     
  0.17230133917601267       0.73986807383204889     
  0.10338166325357317       0.75335100667021127     
   3.3533753521955964E-002  0.76006982048995397     
  -3.6614773967420022E-002  0.75997488812329972     
 -0.10643512457229026       0.75306832853456196     
 -0.17530035757948262       0.73940395458963659     
 -0.24258844153644826       0.71908728249303067     
 -0.30768539181731175       0.69227559212289103     
 -0.36998854831070238       0.65917801590984992     
 -0.42891004841880276       0.62005562201874231     
 -0.48388054644770356       0.57522144529380537     
 -0.53435322460191248       0.52504040668738727     
 -0.57980813273804443       0.46992904879091979     
 -0.61975688328408640       0.41035500185526130     
 -0.65374771375392482       0.34683608174454633     
 -0.68137091155424190       0.27993890926120946     
 -0.70226457384066210       0.21027693012168927     
 -0.71612064874633219       0.13850770775075549     
 -0.72269117337319977        6.5329358481181946E-002
 -0.72179458891362536       -8.5239975745535646E-003
 -0.71332197512915096       -8.2287884885881624E-002
 -0.69724300682823881      -0.15517431314411306     
 -0.67361139643835766      -0.22637986968745932     
 -0.64256955258633242      -0.29509507690716952     
 -0.60435215887400218      -0.36051496857799453     
 -0.55928836437832263      -0.42185076800716986     
 -0.50780228252881587      -0.47834247085731801     
 -0.45041152211583091      -0.52927205114352893     
 -0.38772352617508149      -0.57397692674190270     
 -0.32042957219908835      -0.61186324875945097     
 -0.24929638856168135      -0.64241852602590233     
 -0.17515546199356999      -0.66522307015355475     
  -9.8890241005481841E-002 -0.67995975479293780     
  -2.1421569330666156E-002 -0.68642162863671075     
   5.6308200619364472E-002 -0.68451700511790681     
  0.13335187372939403      -0.67427176781687381     
  0.20877426185817377      -0.65582877026043851     
  0.28166860805620431      -0.62944435973550050     
  0.35117200604597998      -0.59548220301239441     
  0.41647930544907930      -0.55440472391896234     
  0.47685509499249606      -0.50676256723773783     
  0.53164347863028238      -0.45318257285556318     
  0.58027549073902163      -0.39435477538516811     
  0.62227412423457729      -0.33101893893191814     
  0.65725705945440416      -0.26395109931695099     
  0.68493727468460985      -0.19395052441745989     
  0.70512178729741914      -0.12182742602968182     
  0.71770881674522236       -4.8391672388626024E-002
  0.72268367884664508        2.5557333284171504E-002
  0.72011371841200666        9.9239520223174213E-002
  0.71014256879036763       0.17190174261321850     
  0.69298399714443093       0.24282413074297057     
  0.66891555765477850       0.31132527587199954     
  0.63827223526280197       0.37676635279067217     
  0.60144022300771127       0.43855430181272231     
  0.55885093867485358       0.49614420032231343     
  0.51097535274749872       0.54904095492579708     
  0.45831867028333134       0.59680044059047710     
  0.40141538455186881       0.63903020454565762     
  0.34082469993756065       0.67538984156243775     
  0.27712630536799931       0.70559113461328771     
  0.21091646687090668       0.72939804165306832     
  0.14280439825298230       0.74662659591891700     
   7.3408861795003125E-002  0.75714477406109815     
   3.3549457885750206E-003  0.76087237375991834     
  -6.6729037704794936E-002  0.75778093028959082     
 -0.13621459362564298       0.74789368969383863     
 -0.20447608300943967       0.73128564470805113     
 -0.27089382023856412       0.70808362812780046     
 -0.33485728735444048       0.67846644679900026     
 -0.39576852230572102       0.64266502761806998     
 -0.45304573468762821       0.60096253474561723     
 -0.50612719760299707       0.55369440458423380     
 -0.55447545734608583       0.50124823197687318     
 -0.59758189319647204       0.44406342770648605     
 -0.63497164717947630       0.38263055405173668     
 -0.66620892765428619       0.31749023242244234     
 -0.69090267052721721       0.24923150575855862     
 -0.70871251737449115       0.17848952950663863     
 -0.71935504064349243       0.10594245995955995     
 -0.72261011258644936        3.2307409204185934E-002
 -0.71832727736943758       -4.1664656280041790E-002
 -0.70643194624463590      -0.11519517925930882     
 -0.68693119590255791      -0.18748551536037239     
 -0.65991891310923700      -0.25772571377491399     
 -0.62557999828065747      -0.32510455841804065     
 -0.58419332121106216      -0.38882078654929342     
 -0.53613311852489010      -0.44809532494346554     
 -0.48186853911009736      -0.50218430006944748     
 -0.42196108442139602      -0.55039249415286462     
 -0.35705975697343106      -0.59208684090549746     
 -0.28789382190265833      -0.62670949165829892     
 -0.21526319938138647      -0.65378994335831431     
 -0.14002663284453373      -0.67295571203198012     
  -6.3087909431765815E-002 -0.68394106410094613     
   1.4619467226448973E-002 -0.68659338495441158     
   9.2148648211967291E-002 -0.68087686662887070     
  0.16855627867084802      -0.66687332702672475     
  0.24291919680016305      -0.64478012072819435     
  0.31435039453328850      -0.61490525264296081     
  0.38201369454672585      -0.57765994653840325     
  0.44513668668660117      -0.53354903838619727     
  0.50302158146355991      -0.48315965017484247     
  0.55505376686800068      -0.42714864826497945     
  0.60070798501608402      -0.36622940096547790     
  0.63955216594101627      -0.30115832629727501     
  0.67124905860354100      -0.23272166945251310     
  0.69555587849177536      -0.16172287855130077     
  0.71232224483534379       -8.8970865672481136E-002
  0.72148670913201141       -1.5269355833859964E-002
  0.72307218317610522        5.8592553770360670E-002
  0.71718056321609025       0.13184857361326119     
  0.70398682194454476       0.20376215010415719     
  0.68373280636407296       0.27363219874954858     
  0.65672094130198155       0.34079773300677202     
  0.62330799883813603       0.40464150221871792     
  0.58389905569724498       0.46459276447457354     
  0.53894172546015728       0.52012932443857673     
  0.48892072128084352       0.57077896401336992     
  0.43435277809856887       0.61612038689662463     
  0.37578194112668689       0.65578378814696769     
  0.31377520941106296       0.68945114801232643     
  0.24891850904053078       0.71685633641865354     
  0.18181295963597829       0.73778510133240727     
  0.11307138950732659       0.75207500112824999     
   4.3315048846762148E-002  0.75961532835530654     
  -2.6829533914257495E-002  0.76034705999097951     
  -9.6733610268742554E-002  0.75426285737665832     
 -0.16576924364138496       0.74140712743968729     
 -0.23331237517911205       0.72187614536416589     
 -0.29874598290855897       0.69581822739805499     
 -0.36146339245585329       0.66343393079425805     
 -0.42087179493977028       0.62497624582278433     
 -0.47639602360106897       0.58075073225607177     
 -0.52748263485291502       0.53111553969890235     
 -0.57360433127706145       0.47648123770373579     
 -0.61426475312801809       0.41731036803258964     
 -0.64900365058799780       0.35411661814517043     
 -0.67740243079843498       0.28746350269483367     
 -0.69909005112334521       0.21796242945732935     
 -0.71374920289882793       0.14627001895513930     
 -0.72112269811314922        7.3084544616277253E-002
 -0.72101993550333787       -8.5863558864655344E-004
 -0.71332328349665741       -7.4792772515609049E-002
 -0.69799417704898326      -0.14792663775377610     
 -0.67507868635061352      -0.21945271262375093     
 -0.64471228105471334      -0.28855666477971265     
 -0.60712348836478569      -0.35442806176430680     
 -0.56263613172013816      -0.41627219790611281     
 -0.51166984370377733      -0.47332282924057478     
 -0.45473857631618875      -0.52485552562715321     
 -0.39244688666425781      -0.57020126671311366     
 -0.32548385694392828      -0.60875983706397452     
 -0.25461461197600821      -0.64001252447493373     
 -0.18066951982806193      -0.66353360252023263     
 -0.10453129238682192      -0.67900009026519559     
  -2.7120331828327252E-002 -0.68619933208057160     
   5.0621216730118289E-002 -0.68503402783522438     
  0.12774615851353616      -0.67552446302143487     
  0.20331908924088599      -0.65780783000729248     
  0.27643277410189943      -0.63213468295981934     
  0.34622349169933908      -0.59886271603843799     
  0.41188484238793205      -0.55844818386126327     
  0.47267962448975737      -0.51143538413639134     
  0.52794950540539065      -0.45844468772615687     
  0.57712234524593387      -0.40015962876210776     
  0.61971715646234171      -0.33731355857764084     
  0.65534679426797537      -0.27067632753083720     
  0.68371856261177932      -0.20104139592486522     
  0.70463298549882492      -0.12921369784668627     
  0.71798103305359873       -5.5998498251974317E-002
  0.72374010781602605        1.7808598705038522E-002
  0.72196909296469369        9.1430407679948103E-002
  0.71280274497052576       0.16411566918936729     
  0.69644568328069201       0.23514534112868440     
  0.67316619337071570       0.30383775004183644     
  0.64329002057992912       0.36955270508997967     
  0.60719429344878562       0.43169469451235282     
  0.56530167886542970       0.48971529217461651     
  0.51807483850903358       0.54311490244088922     
  0.46601122752615559       0.59144396688700462     
  0.40963825228716177       0.63430374789132749     
  0.34950878429264798       0.67134679322594870     
  0.28619701146537524       0.70227717347015173     
  0.22029459568353632       0.72685057115088303     
  0.15240709595697863       0.74487428750818307     
   8.3150609604499062E-002  0.75620722000670770     
   1.3148578694974879E-002  0.76075985131976342     
  -5.6971294518067622E-002  0.75849427852243634     
 -0.12658008170465479       0.74942429957323242     
 -0.19505067183951652       0.73361556270273154     
 -0.26176088380036289       0.71118577288983187     
 -0.32609670734763208       0.68230493800658321     
 -0.38745572975620368       0.64719562528031316     
 -0.44525080213615403       0.60613318632542168     
 -0.49891399457929680       0.55944589607414685     
 -0.54790088227987732       0.50751493752444199     
 -0.59169519520176894       0.45077415050096020     
 -0.62981385114896760       0.38970944894842829     
 -0.66181237567826745       0.32485779822351751     
 -0.68729069165989509       0.25680563226106051     
 -0.70589923606505345       0.18618658149339321     
 -0.71734533160423619       0.11367837742827945     
 -0.72139970639960227        3.9998800547954266E-002
 -0.71790301671831347       -3.4099453411453561E-002
 -0.70677218736837955      -0.10783509573125932     
 -0.68800634391376281      -0.18040583301999194     
 -0.66169207351861015      -0.25099725680057960     
 -0.62800772092763602      -0.31879301400515841     
 -0.58722640741719490      -0.38298616970278154     
 -0.53971745836164942      -0.44279159464437745     
 -0.48594594389823914      -0.49745912515518942     
 -0.42647008053965840      -0.54628715757654789     
 -0.36193631110172836      -0.58863626155378090     
 -0.29307197496055015      -0.62394233470923821     
 -0.22067559621767630      -0.65172878437462578     
 -0.14560494631390555      -0.67161721757307136     
  -6.8763169609261779E-002 -0.68333615320920893     
   8.9166167607793168E-003 -0.68672734153005099     
   8.6487736299382362E-002 -0.68174938197025436     
  0.16300679880637561      -0.66847846364212238     
  0.23755036891092138      -0.64710620146947129     
  0.30923086313410719      -0.61793469163999837     
  0.37721113762563091      -0.58136904878088269     
  0.44071732007103742      -0.53790780190174259     
  0.49904955530318862      -0.48813160789915111     
  0.55159046275700607      -0.43269078578444437     
  0.59781123282582727      -0.37229218177171308     
  0.63727540762718704      -0.30768584887175204     
  0.66964049150141280      -0.23965197147220657     
  0.69465761276848170      -0.16898839388657927     
  0.71216950905822507       -9.6499030631345573E-002
  0.72210713483960964       -2.2983353061191591E-002
  0.72448519455719518        5.0772931708989971E-002
  0.71939689220326730       0.12400596342387171     
  0.70700816285068346       0.19598058480478417     
  0.68755161815952581       0.26599602854655746     
  0.66132040013566673       0.33339052550614928     
  0.62866209869269452       0.39754494591868400     
  0.58997285125594601       0.45788559721117783     
  0.54569170836693359       0.51388630577028738     
  0.49629531893520451       0.56506990769457643     
  0.44229296283587660       0.61100926680535594     
  0.38422193695702345       0.65132792844240395     
  0.32264328328393588       0.68570050599310461     
  0.25813783372948779       0.71385288457867968     
  0.19130253567079855       0.73556231347588497     
  0.12274701401282923       0.75065744609131113     
   5.3090319586496224E-002  0.75901837384926696     
  -1.7042190614602111E-002  0.76057668827908465     
  -8.7021898781046769E-002  0.75531559386015856     
 -0.15621995642628569       0.74327008269228201     
 -0.22401035930659924       0.72452717064513961     
 -0.28977312691887036       0.69922618312147711     
 -0.35289764513000677       0.66755906676284360     
 -0.41278622801737147       0.62977069118173457     
 -0.46885795100669753       0.58615909202149374     
 -0.52055280149706851       0.53707559331391064     
 -0.56733618488844806       0.48292473333452879     
 -0.60870381273598351       0.42416390421959782     
 -0.64418698507434169       0.36130260198333003     
 -0.67335826023160095       0.29490117098348728     
 -0.69583748222634623       0.22556891633379381     
 -0.71129810784730418       0.15396145056274180     
 -0.71947374280361065        8.0777138575325952E-002
 -0.72016475942034386        6.7525095383354893E-003
 -0.71324482837046710       -6.7343482330621263E-002
 -0.69866715577240468      -0.14071644199222094     
 -0.67647017739111914      -0.21255482028498471     
 -0.64678242727902258      -0.28203951072534550     
 -0.60982627335245276      -0.34835470093019055     
 -0.56592020195081472      -0.41069984830594020     
 -0.51547934216965641      -0.46830256629512834     
 -0.45901395278759560      -0.52043212087693580     
 -0.39712565249386067      -0.56641315424288552     
 -0.33050125810165487      -0.60563918203248945     
 -0.25990420272684833      -0.63758536114068631     
 -0.18616363041250453      -0.66182000514433870     
 -0.11016139613431507      -0.67801434004341232     
  -3.2817328926618108E-002 -0.68595004714659913     
   4.4926771570220479E-002 -0.68552423116055172     
  0.12212385036591379      -0.67675157390371243     
  0.19783842230349108      -0.65976357749283443     
  0.27116290079403060      -0.63480495240022938     
  0.34123286213791321      -0.60222735142147044     
  0.40724075414693495      -0.56248077720403511     
  0.46844766394774401      -0.51610308815754735     
  0.52419288403233200      -0.46370808886268478     
  0.57390114544617876      -0.40597271457795536     
  0.61708751090369418      -0.34362380741113291     
  0.65336002920911473      -0.27742493984115424     
  0.68242033925458401      -0.20816367733853658     
  0.70406247391240084      -0.13663959443182208     
  0.71817015113838945       -6.3653275933956144E-002
  0.72471285369843075        1.0003545813149042E-002
  0.72374099381847690        8.3556640588598310E-002
  0.71538043921737915       0.15625670297468933     
  0.69982664700613095       0.22738558514525017     
  0.67733861605121348       0.29626141516209342     
  0.64823283015878930       0.36224270263179587     
  0.61287732659343230       0.42473154955359471     
  0.57168598894572875       0.48317609144862755     
  0.52511313142621363       0.53707229424143721     
  0.47364841390642831       0.58596522761244185     
  0.41781210360944060       0.62944992719333326     
  0.35815068010643275       0.66717194731081131     
  0.29523276483260008       0.69882769399416611     
  0.22964534421572733       0.72416461538033694     
  0.16199024620027822       0.74298131397172695     
   9.2880822951970962E-002  0.75512763272360950     
   2.2938787399255089E-002  0.76050475479503465     
  -4.7208852358132200E-002  0.75906534500115541     
 -0.11693281914384665       0.75081374947628565     
 -0.18560461302594164       0.73580625865488625     
 -0.25259963796718382       0.71415142722657432     
 -0.31730046828383074       0.68601043303621179     
 -0.37910031262674021       0.65159744481180504     
 -0.43740673004793762       0.61117995598424102     
 -0.49164564783260400       0.56507902865871773     
 -0.54126572371917703       0.51366937805900525     
 -0.58574308537854192       0.45737921368784296     
 -0.62458646700586695       0.39668973941219909     
 -0.65734274601712817       0.33213420130376492     
 -0.68360286161571293       0.26429636022677894     
 -0.70300807102779495       0.19380825705096755     
 -0.71525646838463597       0.12134713346809348     
 -0.72010965584166464        4.7631372475558792E-002
 -0.71739941740817026       -2.6584668374161975E-002
 -0.70703420466420774      -0.10051703886045849     
 -0.68900520243915520      -0.17335987022685490     
 -0.66339170488216248      -0.24429437474488117     
 -0.63036550226261900      -0.31249914638398074     
 -0.59019396101115595      -0.37716166798705431     
 -0.54324147887395535      -0.43749084980026504     
 -0.48996901813860966      -0.49273033777538150     
 -0.43093146607136906      -0.54217224407877895     
 -0.36677264435609852      -0.58517087464991624     
 -0.29821788705461100      -0.62115596832980768     
 -0.22606422476419277      -0.64964492777239613     
 -0.15116834326729958      -0.67025352135795979     
  -7.4432617306318283E-002 -0.68270457213956814     
   3.2103582176362063E-003 -0.68683422502965230     
   8.0814218752359543E-002 -0.68259549299370770     
  0.15743567659484420      -0.67005891856839483     
  0.23215115371046408      -0.64941033667261616     
  0.30407261063511037      -0.62094587463198492     
  0.37236204152964009      -0.58506446183328875     
  0.43624419951685267      -0.54225823268897511     
  0.49501723376408086      -0.49310128435366346     
  0.54806104820332635      -0.43823729098442660     
  0.59484331922310762      -0.37836647978983429     
  0.63492322568076787      -0.31423244498040853     
  0.66795304143659551      -0.24660922100768640     
  0.69367781375318782      -0.17628896451887213     
  0.71193339889998519      -0.10407051373026252     
  0.72264315034255489       -3.0749012022373838E-002
  0.72581355806395065        4.2893294457016923E-002
  0.72152912405156522       0.11609504327794995     
  0.70994673336459801       0.18812254068236547     
  0.69128974687548861       0.25827540316833802     
  0.66584200460041165       0.32589114544333431     
  0.63394189059191652       0.39034882499398837     
  0.59597657394388581       0.45107186457396220     
  0.55237650707526087       0.50753017731812711     
  0.50361023298039309       0.55924171673646705     
  0.45017952790830479       0.60577356714836639     
  0.39261488492918245       0.64674268056964912     
  0.33147132677937108       0.68181635477079039     
  0.26732452281338159       0.71071253502467946     
  0.20076717433494742       0.73320000954817288     
  0.13240562452649560       0.74909855619150978     
   6.2856643183185956E-002  0.75827908574517033     
  -7.2556679140855455E-003  0.76066381537737537     
  -7.7302906196575649E-002  0.75622649414464682     
 -0.14665539522232920       0.74499269111606647     
 -0.21468526739949326       0.72704014525601801     
 -0.28076966258015795       0.70249916463628448     
 -0.34429410148743739       0.67155305061633841     
 -0.40465609057015289       0.63443851019021269     
 -0.46126901093608030       0.59144600665736979     
 -0.51356633809023067       0.54291998513188433     
 -0.56100623080480883       0.48925889528490718     
 -0.60307651601185608       0.43091491941457999     
 -0.63930008154766527       0.36839329996324877     
 -0.66924066932455650       0.30225114771830341     
 -0.69250903759871030       0.23309560119687719     
 -0.70876943218861110       0.16158120049389813     
 -0.71774627286157355        8.8406336835953808E-002
 -0.71923092321887749        1.4308644142556014E-002
 -0.71308837149276716       -5.9940786910375195E-002
 -0.69926360772894025      -0.13354446653450505     
 -0.67778744275506730      -0.20568689137353940     
 -0.64878147989924984      -0.27554426249025527     
 -0.61246192613353045      -0.34229547525341064     
 -0.56914192010880771      -0.40513424378005369     
 -0.51923206524859222      -0.46328213762278342     
 -0.46323889069732421      -0.51600222078328128     
 -0.40176102385015938      -0.56261290021747401     
 -0.33548294533693007      -0.60250152139618618     
 -0.26516630750042830      -0.63513720119489259     
 -0.19163892403460595      -0.66008237154698646     
 -0.11578167186889034      -0.67700252681111772     
  -3.8513674722149720E-002 -0.68567372607536026     
   3.9223751653941506E-002 -0.68598749668238868     
  0.11648383132576090      -0.67795291056918183     
  0.19233113297636018      -0.66169575003879466     
  0.26585784348557506      -0.63745483112218482     
  0.33619894868276290      -0.60557569672328349     
  0.40254583958274526      -0.56650201541883938     
  0.46415797051384206      -0.52076511516850232     
  0.52037232019029100      -0.46897213841985763     
  0.57061053566735787      -0.41179332478822239     
  0.61438376095816016      -0.34994891240382059     
  0.65129525790364140      -0.28419610509714627     
  0.68104101072535828      -0.21531648772179204     
  0.70340856479940039      -0.14410419461172602     
  0.71827438467598104       -7.1355054470198687E-002
  0.72560002855919326        2.1431443600418679E-003
  0.72542743012236832        7.5619196256564242E-002
  0.71787355811670017       0.14832581767465600     
  0.70312469423472279       0.21954582206785575     
  0.68143053421017130       0.28859720578306081     
  0.65309827958701849       0.35483724563164493     
  0.61848685059580133       0.41766572399362750     
  0.57800131597176418       0.47652740406461425     
  0.53208760447323034       0.53091387800140977     
  0.48122753587172989       0.58036490595254719     
  0.42593418641324915       0.62446935575544582     
  0.36674758501324811       0.66286584266344784     
  0.30423072137658386       0.69524315678339643     
  0.23896583535771165       0.72134055365083072     
  0.17155094769736978       0.74094797101100029     
  0.10259658531049259       0.75390622268389373     
   3.2722649131666962E-002  0.76010720849000535     
  -3.7444631199437424E-002  0.75949416760108113     
 -0.10727571406829452       0.75206199126977236     
 -0.17614079380007361       0.73785759953860863     
 -0.24341294007315212       0.71698037505414403     
 -0.30847138867718843       0.68958263533113306     
 -0.37070504182184261       0.65587011255642502     
 -0.42951623312937298       0.61610239717008475     
 -0.48432480757104807       0.57059328796484299     
 -0.53457255947079241       0.51971097736800687     
 -0.57972806175815483       0.46387798612704478     
 -0.61929190631558617       0.40357074722071051     
 -0.65280235793826535       0.33931872511119715     
 -0.67984140257965897       0.27170294436959080     
 -0.70004114382280036       0.20135379248628740     
 -0.71309046980528579       0.12894795687333549     
 -0.71874187646805499        5.5204357509801315E-002
 -0.71681829290904975       -1.9121053602884051E-002
 -0.70721971245401127       -9.3241734969547657E-002
 -0.68992939131600284      -0.16634831670976369     
 -0.66501933881481967      -0.23761771119285047     
 -0.63265479331053331      -0.30622354469039165     
 -0.59309736110755273      -0.37134780927433197     
 -0.54670649659727322      -0.43219355184225589     
 -0.49393902533595568      -0.48799832939954713     
 -0.43534646082928885      -0.53804807318441350     
 -0.37156994161791052      -0.58169092707512027     
 -0.30333271605601053      -0.61835056698154556     
 -0.23143022284688122      -0.64753847631676242     
 -0.15671794753953011      -0.66886465525098304     
  -8.0097367710238870E-002 -0.68204628235677045     
  -2.5004198988227253E-003 -0.68691392647588168     
   7.5126982806258943E-002 -0.68341501960167905     
  0.15184179264335526      -0.67161443935439658     
  0.22672041908682594      -0.65169219998419869     
  0.29887448516858062      -0.62393839986059352     
  0.36746522659014974      -0.58874570750299282     
  0.43171610859961113      -0.54659977599469922     
  0.49092335404564869      -0.49806804937510268     
  0.54446420409964269      -0.44378746098992639     
  0.59180285897183016      -0.38445152382043557     
  0.63249415945573073      -0.32079728117943807     
  0.66618516401335914      -0.25359253002065119     
  0.69261484623562053      -0.18362365681022963     
  0.71161218279052907      -0.11168434577634173     
  0.72309292383240809       -3.8565338732969974E-002
