           2   3.1415926535897931     
           3   4.1887902047863914     
           4   4.9348022005446790     
           5   5.2637890139143249     
           6   5.1677127800499694     
           7   4.7247659703314007     
           8   4.0587121264167676     
           9   3.2985089027387064     
          10   2.5501640398773451     
          11   1.8841038793898999     
          12   1.3352627688545893     
          13  0.91062875478328298     
          14  0.59926452932079188     
