 Busca Direta
 r           1
  -7.0500000000000105     
  -7.0250000000000101     
  -7.0125000000000099     
  -7.0062500000000103     
  -7.0031250000000105     
  -7.0015625000000101     
  -7.0007812500000099     
  -7.0003906250000103     
  -7.0001953125000105     
  -7.0000976562500101     
  -7.0000488281250099     
  -7.0000244140625103     
  -7.0000122070312605     
  -7.0000061035156351     
  -7.0000030517578224     
  -7.0000015258789166     
  -7.0000007629394636     
  -7.0000003814697367     
  -7.0000001907348732     
  -7.0000000953674419     
  -7.0000000476837263     
  -7.0000000476837263     
 r           2
   1.9499999523162663     
   1.9749999523162662     
   1.9874999523162662     
   1.9937499523162663     
   1.9968749523162663     
   1.9984374523162662     
   1.9992187023162662     
   1.9996093273162663     
   1.9998046398162663     
   1.9999022960662662     
   1.9999511241912662     
   1.9999755382537663     
   1.9999877452850163     
   1.9999938488006412     
   1.9999969005584537     
   1.9999984264373600     
   1.9999991893768132     
   1.9999995708465397     
   1.9999997615814029     
   1.9999998569488346     
   1.9999998569488346     
 r           3
   8.9499998569488195     
   8.9749998569488199     
   8.9874998569488191     
   8.9937498569488188     
   8.9968748569488195     
   8.9984373569488199     
   8.9992186069488191     
   8.9996092319488188     
   8.9998045444488195     
   8.9999022006988199     
   8.9999510288238191     
   8.9999754428863188     
   8.9999876499175695     
   8.9999937534331949     
   8.9999968051910066     
   8.9999983310699125     
   8.9999990940093664     
   8.9999994754790933     
   8.9999996662139559     
   8.9999997615813871     
   8.9999999046325350     
   8.9999999523162515     
 Newton-Raphson
 r           1
   2.1215692877588843     
   2.0004692876047141     
   2.0000000069914559     
   2.0000000069914559     
 r           2
   2.0003175107603908     
   2.0000000032004155     
   2.0000000032004155     
 r           3
   2.0003175107363131     
   2.0000000032004146     
   2.0000000032004146     
 Secante
 r           1
                       NaN
                       NaN
 r           2
                       NaN
 r           3
                       NaN
