   1.5852938145384612       0.10000000000000001     
   1.5879251724521886       0.20000000000000001     
   1.5923278115677941       0.30000000000000004     
   1.5985275910671675       0.40000000000000002     
   1.6065613151165643       0.50000000000000000     
   1.6164773598892312       0.60000000000000009     
   1.6283365182970670       0.70000000000000007     
   1.6422130947488887       0.80000000000000004     
   1.6581962936373600       0.90000000000000002     
   1.6763919598318771        1.0000000000000000     
   1.6969247485473942        1.1000000000000001     
   1.7199408274662200        1.2000000000000002     
   1.7456112486728974        1.3000000000000000     
   1.7741361759375611        1.4000000000000001     
   1.8057502203746016        1.5000000000000000     
   1.8407292341561372        1.6000000000000001     
   1.8793990529966478        1.7000000000000002     
   1.9221468881868449        1.8000000000000000     
   1.9694363889416306        1.9000000000000001     
   2.0218278956199196        2.0000000000000000     
