   6.2872000000002641       0.10000000000000001     
   6.2992000000002699       0.20000000000000001     
   6.3184000000002802       0.30000000000000004     
   6.3464000000002940       0.40000000000000002     
   6.3832000000003131       0.50000000000000000     
   6.4272000000003358       0.60000000000000009     
   6.4816000000003635       0.70000000000000007     
   6.5440000000003957       0.80000000000000004     
   6.6168000000004330       0.90000000000000002     
   6.7000000000004754        1.0000000000000000     
   6.7944000000005236        1.1000000000000001     
   6.9008000000005776        1.2000000000000002     
   7.0192000000006383        1.3000000000000000     
   7.1528000000007070        1.4000000000000001     
   7.3016000000007830        1.5000000000000000     
   7.4672000000008678        1.6000000000000001     
   7.6520000000009620        1.7000000000000002     
   7.8584000000010681        1.8000000000000000     
   8.0904000000011873        1.9000000000000001     
   8.3504000000013203        2.0000000000000000     
