   4.0000000000000001E-002   10.000000000000000     
   4.0000000000000001E-002   20.000000000000000     
   4.0000000000000001E-002   30.000000000000000     
   4.0000000000000001E-002   40.000000000000000     
   4.0000000000000001E-002   50.000000000000000     
   4.0000000000000001E-002   60.000000000000000     
   4.0000000000000001E-002   70.000000000000000     
   4.0000000000000001E-002   80.000000000000000     
   4.0000000000000001E-002   90.000000000000000     
   4.0000000000000001E-002   100.00000000000000     
