 |          h                  fs3                   ff 2                 ft2                   fs5                 f2s5                 f3as5        |
|        0.5000000000|       13.3993032398|       21.0013271449|        5.7972793347|       14.7520003600|       94.5064232571|      639.0498565174|
|        0.2000000000|        8.7850561114|       21.3424061029|        3.7722938801|       17.8687101684|       61.4751722782|     2034.0626959541|
|        0.1000000000|        1.2754092004|        4.9261226495|        2.3753042488|        1.2278064366|        8.9159413465|      830.4147947973|
|        0.0500000000|        0.2886344168|        1.9415235582|        1.3642547245|        0.0402905110|        2.0172380189|      117.9052394238|
|        0.0100000000|        0.0112061050|        0.3320892734|        0.3096770635|        0.0000546803|        0.0783060525|        4.1325296682|
|        0.0050000000|        0.0027993082|        0.1630940177|        0.1574954013|        0.0000029573|        0.0195561653|        1.0291526549|
|        0.0010000000|        0.0001123944|        0.0321619477|        0.0319371590|        0.0000004684|        0.0007790524|        0.0411402914|
|        0.0005000000|        0.0000284538|        0.0160530838|        0.0159961762|        0.0000004736|        0.0001924426|        0.0103087319|
|        0.0001000000|        0.0000015931|        0.0032065097|        0.0032033235|        0.0000004739|        0.0000047385|        0.0007004177|
|        0.0000500000|        0.0000007537|        0.0016032119|        0.0016017044|        0.0000004739|        0.0000009903|        0.0019641175|
|        0.0000100000|        0.0000004851|        0.0003209767|        0.0003200065|        0.0000004739|        0.0000076516|        0.7254540082|
|        0.0000010000|        0.0000004739|        0.0000325232|        0.0000315753|        0.0000004739|        0.0001766454|        5.3807726272|
|        0.0000001000|        0.0000004713|        0.0000036743|        0.0000027317|        0.0000004696|        0.0384591158|   554439.9977251759|
|        0.0000000100|        0.0000004901|        0.0000008676|        0.0000001127|        0.0000004938|       11.3968380378|444089881.3646499515|
