        -107         397
        -996        -322
        -381        -907
        1062         518
        -407        -237
        -342         -60
         294       -1044
         138        1226
         577         -95
         312         718
         562        -274
        -158        -114
         245         985
          54       -1016
         909        -167
       -1446         738
        -784        -574
        -388        -384
        1026         576
         949        -597
        -223         695
         186        -838
        -590        -154
        -572        -456
        -560         272
        -445        1383
         627        -291
         290        -700
        -571        -277
         141         605
          77        -861
        -770        1120
        -357         641
         126         436
         263        -105
         201          89
        1146         252
         169        -265
        1316        -490
        1362        -702
        -288          36
        -413         483
         184        -318
         349       -1307
        -186          -2
         172         -52
         158        -564
        -212        -556
        -555         155
         392        -724
         596        -828
          21         107
       -1150         428
        -340         922
        1439         405
         -48        -258
        1434        -216
         130         180
          45         -51
         515        -287
         322         278
        -971        -489
       -1346         900
        1842         502
        -607        -357
        1056         244
         380         192
       -1762        -296
        -473        -441
        -707        -883
          11         937
          43        -891
        1063        -625
         285       -1253
         -66        -150
        -308         282
          23         285
       -1008        1160
        1510        -272
        -578        -176
         -42       -1104
        -589        1543
        -973         197
         515        -215
        -318         188
        -453         -57
         -81         271
         949         571
          39         -95
          76        1006
          85       -1047
        -623        -171
         119         621
        -589        -165
        -641        -205
          79         479
        1783         257
       -1149        -349
         386        -126
        1121        -313
         670         400
        -219        -765
        -700        1240
         568         790
         455       -1371
       -1178        -306
        -549        -469
          58        -974
        -349         603
         337        -203
         745        -207
        -247         421
         368        -458
        -640         302
       -1302         736
        -271         393
         738         774
        -609         131
        -102         866
         604       -1742
         186         414
        -143         283
         298         -16
         139        -283
          14         364
         201       -1011
        -419         155
        -495         615
         541         763
        -674        -586
       -1043         477
        -190        1156
        -999         149
         458        -314
         353        -207
        -724         -32
        -820        -480
         691        -491
        -945        -485
        -803        -327
         799        -741
        -775         587
        1394         480
        1178        -358
        -292         596
        -859         589
         472         -86
        -923        -581
        -131        -177
         648         980
         154        -220
        -556        1144
       -1155         -71
        2259        -375
        -163       -1195
         163        -805
        -472         122
        -158         680
        -349         963
         677         991
         136        -694
       -1155        -161
       -1064         -16
        -261        -511
         939        -491
         746         454
         142         852
         598          28
        -986        -204
        1058         658
         109        1493
         341        -563
        -726        -612
         126        -934
         -70        -608
         479         349
        -291        -391
         296         144
         781         961
        1251         585
          73         -55
         748         536
        -517         815
       -1834        1330
         547         233
         319        -155
         635        1025
        -329        -431
        -730         -48
        -875         307
         675        -165
        -371       -1553
        1205        -273
         153       -1491
       -2157         251
        -852        -944
       -1208         422
        -576        -710
         537        -709
        -689         277
          24          22
         519         215
        -583        1411
        -405        1177
         546       -1054
         752          -6
        -681         111
         387        -285
         462         856
        -232         312
         366         -32
         -32         322
       -1472        -316
        1198         198
           8        -116
       -1545         317
        -244         -60
         270        -612
         464         382
          15         -65
         828         364
        -502         728
         856         106
         -45         227
        -677        -443
         904         -80
         235          71
         510        -704
         192          46
         541        1411
          52        -308
         858       -1196
         630       -1270
         -84        -454
        -193       -1373
        -488        1000
        1144         428
         222        -584
        -318         248
        -279        -973
         611         399
        -323         857
        -230        -546
          44        -586
         143       -1457
        -568        -390
       -1045        -359
        -379       -1307
         105         423
        1171        -717
         650        -536
        -479         -45
          43         -83
        -290        -328
        -255         631
        -303        -499
        -519          -9
        -744         506
         941         659
        1102         854
         171         353
        -756        -418
        -717        -187
         795         421
        -344         516
         224        -432
        -684        -140
         -13        -893
       -1530       -1050
        -197        -697
         -71        2155
         452        -658
        -839         129
         165        -921
        1466        -622
       -1268        -344
        -612       -2180
         666         210
         971        -257
          30         592
        -979        -395
        -451        -955
        -762         390
        -483         199
        -569        -685
        -811        -489
          27       -1069
        1021         719
        -317        -697
        -440       -1856
        -123         809
        -226        1390
         778         508
         -52         776
        -557       -1557
        -487        -369
         174         226
         489        -483
        -317          55
        -628         554
        -796        -588
        -737         179
         300        -464
         662         636
         954          14
         -14         902
          52        -490
        -346         398
        1109        1891
         561         665
         601        -629
          46        -374
         124        -582
         564         964
       -2034       -1290
         452         224
        -285        -311
         564         902
         270         210
         575        -241
         -65        -443
         278        -834
         800         938
         780         852
         113         305
        -240         398
         217         385
         474         154
         467         377
        -581         747
         154         774
        -909         311
         902        -120
        -239         457
       -1289         111
         244          72
         936        1094
         678         986
        -504         594
         911        1459
        -506         150
         656        -332
        -345        1171
        -851         785
        -686        -130
        -483        -415
         260        1564
        -809        -641
         -92        -604
        -203        -969
         -20         270
          74       -1750
         327        -895
        -131         277
          34        -630
        -433         229
       -1047        -891
         280         270
        -629        -345
        -423         831
        -122         716
       -1042        1214
         882         568
        -509         719
        -448        -208
         173        -283
        -367         189
         467        -943
        -348          50
        -575         781
         422        1268
         654         414
        -514         534
         493        1419
        -900         676
        -571        -195
         316         748
        -885         923
       -1380         948
        -214        -676
         616          60
       -1076        -202
        -243         731
         918         344
         165         297
         834        -324
        -593        -363
        2064         -42
           8         712
        1460         168
         905        -585
        -231         291
        -156        -624
          33         691
        -316         836
         768         442
         580        -554
         -48        -648
        -322        -164
         263        -863
        -719        -759
         225         349
        -139         599
         410         184
          99        1345
         136        -980
        -302        -380
        1402        -178
       -1299       -1229
       -1018        -470
        -634         424
       -1552        -148
        -105       -1039
         785         627
        1343          71
        -879           3
         -34           6
         764        -740
        -390        -780
        -232        1806
        -589         133
        -839        1457
         831         517
        -374         -24
         965        -241
        -389          15
         205        2041
       -1009         951
        -643         -89
       -1056        -268
        -800        -470
        -906         518
         383       -1233
       -1087         233
          81         735
        -577        1249
        -481        -247
         514        -806
        -160         186
        -479          13
         477         771
        -171       -1249
        -174        -696
         344        -302
        -430         140
        -123         461
         -61        -961
        1718        -870
         351         -17
        -353        -203
        1159         167
         730         764
          87         313
        -603         587
        -153       -1745
        -561         325
       -1269         383
        -155         399
         294        -796
          44        -654
         555        -253
        1187        1599
         354        1382
         664       -1124
         185         715
        -520        -572
         524        -566
       -1094        -688
        -739        -489
        -164        1082
         438        -198
        -945        -653
        1452        -884
         248        -676
        -658         750
       -1262         -20
        -535         113
        -488         948
        -925        1453
         165         561
          93         -27
        -166         406
         401        -387
       -1878       -1434
         594         300
        1479       -1777
        -337         337
         587        1411
         -87        -489
        -149         527
        1536       -1986
         614        -220
         359         627
         641        -537
         -59         871
         330         944
         562        -648
         645         189
       -1160        1946
         842         150
         652        -392
        -289        -805
        -376        -534
       -1350         -78
         678         854
         205        -385
          19       -1021
        -609        -229
       -1162         140
         -77         117
         414         -42
        -416       -1282
         174          10
         467         251
         343         471
         -12         792
         811        -493
         761          57
         600          98
        -691       -1639
        -587        1011
         392       -1438
        -629        -581
         758        -152
         337        -535
         -89       -1589
        -492         152
        1494         -12
        -678         590
         492        -500
        -202        -756
         828         510
       -1221         283
         158        -622
        -924       -1060
        -292        -866
       -1640        -396
         -55         207
        1660         546
         518        -500
       -1026        -852
        -312        -428
        -259         505
         863         -93
        -792        -844
         322         156
         -47         275
        -926        -294
        1017         775
         193        -759
          94         734
          57       -1223
        1112         238
        1466         434
        1316         568
          73          41
        -677           3
         181        -157
        -560       -1024
        -764         506
        -389        -277
        1305        -107
        -510        -166
         983         169
         203         273
          24         684
        1237        -641
         -98        1436
        -132         598
         315        1369
         331        1175
        -552         250
       -1354          94
         335        1539
        1037         289
        -277       -1513
        -132        -138
       -1092         894
        -245        1131
         858         528
       -1543         191
        -350        -762
         267        -225
          73          11
       -1528        -332
        -501        -371
        -633        1333
        -978         682
         607       -1053
         144        -648
         104        -962
         629         635
        -328         492
         492        1638
         691         581
        -556        -510
         957         539
         180        -238
         426         388
        -514        1076
         -81          -5
        -192         124
         738          42
        -525          57
        -367         373
         -22         -16
        1195        -381
        -191        1713
         506          -6
         253          41
         -23         219
         290        -970
         897       -1063
       -1188        1222
         643        -321
        -302          -2
         422         406
        -629         235
        -770        -584
        -339          25
          70          16
         -47        -665
        -750        -850
        1653        -779
        -321        -101
        -239       -1339
        -417         371
         490        1004
         231        -181
         457        -627
        1323       -1289
       -1159         695
        -226        -154
         395        -485
        -825        -477
        -614          86
        1148         880
        -688         554
         742           8
        1410         580
        -129        -475
        -455        -199
        -435       -1221
         890         198
        -297          17
         610          48
       -1376       -1248
        -169         817
         311        -261
         120        -278
         925        -791
        -589          51
         378        -942
         472        -878
         358        -322
         754        -146
        -746        -482
         368        -540
       -1664        -878
         -90        -388
        -482        -958
         429         543
        -275         303
         206       -1112
         250         250
        -447         517
        1768        -446
         455        -417
        1056           4
        1727         621
        -400         368
        -423         -85
       -1466        -274
       -1316          46
         360         476
         130         410
         764         776
          42        -948
        -953       -1293
          96          12
         537          49
         714         314
        -887        -215
        1048         -94
        -915         -11
         292       -1854
        -113         875
        -232        -102
          25         339
         866        -234
         660        -762
         255        -739
        -727        -145
        -448        -808
        -864        -412
        -527         627
       -1183         675
        -512        -404
        -737        -783
        -228         728
         200        1080
         -83        1227
         112        -224
        -134         502
        1123        -699
        -322         912
        -144         436
        -272        1076
         170        -908
        -229         467
         585         731
         842         982
         -17        -299
         190         228
        -586        -564
         361       -1919
         415        -613
       -1251        -735
         248         144
         298        -854
         209         -59
         195        -455
        -955         417
          66         422
        1377        -657
        -134       -1088
         255         855
         657         -41
        -282        -574
        -237         837
        -383         773
        -219         193
         871         -25
         567         -83
        1693         501
         -98        1030
        -226        -220
         925        -605
         114         -42
         365        -271
         -35         293
         924       -1124
       -1182       -1628
          70         -40
        -977        -845
        -662         312
          46         832
        -498        -892
        -100       -1574
        -309         119
          94        -236
         398         -76
         674         -54
         -32         632
        -604          54
           2         480
         143        -457
        -704         334
       -1222       -1388
         -37        -577
        -291         951
       -1034        -774
        -297           7
         -19        1237
         325          67
        -297       -1347
         136         790
         191         729
        -984         862
       -2015         765
         632        -436
         372        -198
        -344         -52
         -81        -283
         478        -362
        -519         575
         478       -1460
          23        -641
        -480        -580
         -32         764
         719         335
        -488         292
         286       -1206
        -828         364
         400         450
        1848        1158
         -20        -556
         101         347
        1069         191
       -1087        -809
        -170        -614
       -1460        -242
        -917         903
        1343        -355
       -1122        -106
        1025        1433
         420         554
          40         152
        -112         498
         356        -364
         408       -1950
        1022         582
        -728         682
       -1266         206
        1288         302
         148          38
        -569        1107
         -30         262
        -624       -1122
         755        -545
        1266          16
         938         -22
         323          11
          24         502
         935        -691
        -267         857
        -783        -651
       -1338         216
         198         690
        -417         527
        1369        -143
        1004          56
         103         733
        -635         551
         684         332
         280         248
        1277         281
         386         258
         -27        -549
         904          54
         777        -689
        1344        -982
        1266        -310
        1281        -651
        -551         -43
         -92        -140
        -619        -619
        -603        -483
        1092         290
        -149         -21
       -1247         739
        -386          66
        -613          83
         804          40
        -130        1488
        -708        1676
         281       -1549
        -497        -877
         318        -778
        1309        -127
        -400        -744
           3         541
        -647        -147
          29        -701
         468        -974
       -1886         448
        1562         392
         638         124
        1057        1161
        -129          33
         363         895
          39         287
           1        -201
        1545        -335
        1507        -443
         357        -481
         380         224
        -192        -116
         497        -191
         845         453
          20         276
        -500         386
         224        1130
          40         436
         615         131
         788        -182
         -93         223
         123         -29
        -779        -231
        1429        -703
        -734         806
         199         119
        -956           6
        -352          36
         201         203
       -1157        -181
        -621         557
        1312        -730
        -651         245
         788        -686
        1029        -445
        1083        1643
          43         901
        -695        -871
        -692       -1080
         618         306
        -450         -40
         238        -134
       -1666        -440
         -32        1414
        -503         337
        -746         264
         914         130
         226         162
        -197        -155
         631         429
        -442         692
        -203          55
          -3        -553
        -570        -206
         106         836
         210        -312
        1059         -45
         553         603
        2246        -188
         289         567
        -865         295
         979         439
         688        -608
         -26        -296
         -27         295
        -672         920
         584        -986
          84         558
         404         962
        -294       -1524
         167        -617
          13         989
        -415         397
        -736         340
          71         689
         -69         431
         923         -97
         207         107
         455         349
        1567         -39
         703        -751
        -525        -547
         -51        -793
        1709         239
         197       -1253
        -186        -220
         530         644
        -687         839
        -425        -249
        -111        1307
         595         381
         150        -414
       -1140       -1046
          81        -729
        -553         995
        -684        -334
       -1097        2395
        1032        -124
        -328        -438
        -307         245
        -275        -549
         797         487
         995        1301
        -124         414
        -144        -422
        -574        -868
        1037        1035
         705         489
         -56         324
          19         669
       -1032         274
        -507         621
        -270         740
        -432         682
       -1195         167
        -225          53
        -126         916
         -46        -666
        -279        -151
       -1050         260
        1052        -180
         420         246
        -728          -6
        -145          21
         724         102
        1211        -619
         277       -1011
        -460        -898
        -531         327
        -860        1490
        1137        -597
         144        1188
         -54         200
         705         -81
         924         690
        -928        -650
         353       -1129
       -1543         843
        -135        1379
         581         967
       -1272         184
        -349         851
         448        -308
        -277         547
