          20          22
          26           4
          28          -8
          24         -44
           6          56
          38          16
           2         -52
         -20          -6
          -9           1
         -33          37
          15           9
         -12          -2
         -12          -4
         -15         -17
         -61          -9
          25           5
         -24          46
         -25          45
           0          36
           1          -3
          -3          15
          37          11
         -24          12
          -2         -20
         -32          38
          18         -32
         -16          -4
         -29          11
          16          12
          27          13
           1         -19
          22           0
          11         -29
          14           8
          -8          62
         -23           9
         -15          43
          28          26
           8          -8
         -16           8
          29         -11
           0         -18
         -12         -18
          12          -2
          -8          26
           3           1
          28         -12
          27         -21
           9           9
          55         -29
          21          31
         -23           1
         -30         -24
          24          30
         -19          -1
         -24           8
         -32          56
          27         -15
          46          16
         -18          30
          19          -7
          37          11
           0         -54
           2         -32
           8           4
         -15          13
         -18           6
           9         -27
          36          14
          -6         -12
         -23          19
          18           8
          10         -28
          24           8
          -7          35
          10         -22
          17         -17
          -4         -20
           9          -5
           1          -3
          30          14
          33           1
          27          21
           6         -14
           3          21
           2          50
          33         -15
          39         -17
          21          -9
          -6          24
          -6         -18
          20         -54
         -65           1
          17          23
          37         -23
         -37          27
          -3         -13
          17         -17
         -37         -17
           7         -47
          23         -11
         -19         -49
         -10          -8
         -14         -20
         -28          54
           2         -66
          -2          52
          20          -2
          27         -15
           8         -10
           0          22
          26         -16
           9          17
          -2          12
          20         -34
         -29          -3
         -12          10
         -43          -3
          -6           6
           7         -25
          -2          10
         -27         -59
           5          -9
           8          34
          -7         -11
         -13          11
         -35          -9
         -16         -10
         -15          11
         -17         -41
         -23          -3
         -46         -18
           5         -19
          -2          22
         -26          -8
           3          53
          10         -12
         -24          10
           0         -10
         -14         -14
           0          18
          -7           3
          -6           2
           5           1
           2          -8
           3          -7
         -26         -14
          11           7
         -13           5
          -5          15
          34          30
           7           1
          13          11
           0         -18
          57          -9
         -12           0
         -11         -15
          -9           9
           3         -35
          21          49
          33          27
         -20         -48
          25          33
          20           6
          14         -10
          24           0
          -2         -28
         -12         -50
           2          16
           1          13
          -4          24
           2         -12
         -12          18
           8         -40
          27          27
          -9           3
          26          -8
          46          30
          13           1
          10         -10
          17          17
           4          20
         -15         -29
          17         -11
         -22         -10
          -6           0
          39         -23
          19         -23
          -1          17
         -12         -20
          -9          -7
          27          23
          13          -7
          10          14
         -10         -46
          11          -7
          26         -34
         -19           3
          16          -2
          -7           5
           6          12
         -31          15
          10           2
          34          36
          -7          15
         -43          13
         -51          35
          -7          11
         -27           5
         -17         -15
         -13           9
          -4         -66
         -32           8
          -9          31
          29         -15
         -46          -6
           4           4
         -20         -20
          25         -31
          25          15
           0          34
           9           5
         -33         -41
          10         -36
           4          16
           5         -33
         -22         -22
          46          20
         -18         -24
          -6          36
           8          -4
          13          21
         -27          17
          26          34
         -51         -29
           3         -15
         -17         -31
          56           6
           0          -6
           7           3
           0          30
           1         -35
         -31           7
           7           7
          56          26
          -6           0
         -19           7
          22           0
          17         -15
           6           2
          34          28
          -8          36
          16           0
         -37         -19
           2         -38
          23          -7
          -5          45
         -13          27
          -6         -18
         -10          26
           6          24
          28         -20
           3         -43
         -11           9
         -29          43
          15          -9
          13          -5
          13           5
           0          34
          -8          38
           8          42
         -18         -16
         -15         -15
           6         -14
          -6         -20
          23          -1
         -37          15
          12          32
          -3           9
           7          17
         -41         -33
         -26         -18
          -6         -12
          33           5
         -14           0
          16         -36
         -18          24
         -34           6
         -21          45
           5         -19
          -3          21
           0          -8
          26          20
         -16           2
           4          20
          36          -2
          -9         -17
          36         -28
         -15          -3
         -20          48
           2         -24
           0          28
         -39         -27
          13         -41
          18          14
           9           7
          16          -8
         -18          14
         -16         -24
           5         -63
          -3          15
          11          -7
          19           1
           1          15
          20           4
          30         -12
         -20          22
          15         -11
         -24          -2
          -4           4
         -24         -16
          12          20
          -5           1
         -14          18
         -11          -7
         -28          -2
          17         -21
         -37          -1
          37           7
          13           5
          11          41
         -37         -25
          -7         -45
           2         -18
           9           7
           2          -4
          39          -7
          33         -17
           4         -32
          -3         -11
          35          25
          63          -5
          -8          -4
         -12         -38
           7         -17
          17         -57
          20          -6
          17          19
          13          11
           9         -15
          29         -11
          -3         -41
         -31          19
         -13           3
         -27          -9
           5          23
         -17         -21
          10          30
         -22          24
          26          -4
         -19         -17
         -30           2
         -12          20
           6          10
           8          24
          24         -30
          13           7
         -11          27
          -3          23
           5         -41
           9         -13
         -10         -42
         -27         -57
         -13          43
         -19         -13
         -30         -48
          -5          -3
          10          16
         -10         -12
          -1          27
         -16          24
          11          25
         -53          23
         -21          19
         -16         -24
          -3         -33
          25          -1
         -21         -13
          23          -3
         -30          -2
          57         -21
           5          27
          27         -25
          -4         -18
         -14           2
          30           8
          12           0
          -2           4
         -24          32
          29           3
           8         -32
          27         -15
          49          31
           8          12
           6         -22
          -1           7
         -30           2
           8           0
         -56          16
          -5          25
          40          12
          14          14
           6           4
          15          31
          51          35
         -37          21
           8         -12
          17         -13
           6          -2
           1           5
           6           8
          -3           1
          10         -12
           9          51
          28          52
          38           4
          -8           0
         -21          19
         -19           9
         -10          14
         -10           8
          27          21
          14           0
          -6          30
         -50          14
          10          36
          32          12
         -28         -40
           0           6
           6           0
          -7          11
          18           4
         -24         -28
         -13         -17
          -7          23
          13         -41
         -19          13
          30          24
           9          -1
         -19          37
         -28          34
          30         -12
         -37         -25
           2         -22
         -23          11
          -8         -18
           6          12
         -28         -14
          10          16
         -12           4
          -6           6
         -13          -7
         -47         -13
         -21         -33
           3           1
          16          30
         -19          37
          -9         -15
         -18           6
           5           5
         -19          -9
          34         -12
           9         -27
          29          -1
          -4         -52
           6          10
           6          -4
          12           6
          -1          -5
         -29          23
          -1           9
         -11           1
          -9         -23
         -39          -1
          45           1
          27         -21
           4         -36
         -17          -7
          -2          10
           3         -39
         -54          16
          12         -14
         -13          -7
          27         -19
           6          18
          34          16
          19         -19
         -33           5
          -3          11
          -3          13
          13          29
          24          -4
          31         -15
         -16          -8
          20           0
          29          -1
         -43         -17
          14          10
          36         -30
         -30         -38
           9          11
         -33         -33
         -23           1
          -1         -15
           2           0
         -23           9
         -13          -7
          -7         -13
         -35         -35
           9           3
         -10          44
          36         -14
          48          16
           9          11
           9         -11
         -32         -36
          13         -19
          51         -13
          -6          -4
          -4          -2
          -2         -10
          18          24
         -11         -33
           9         -45
         -16          12
          -7          11
          19           1
         -20          -8
           7         -11
          37          -5
         -16           0
         -50         -46
          20          -4
           8          26
           9          15
         -41          15
         -30           4
         -17          11
          -7          -5
          41          11
           0          34
           4         -18
         -29         -51
          -1           7
           4          -4
           8         -32
          34          16
         -27          13
         -20         -48
          43          -5
         -23          -5
           8          -6
         -22          20
         -10         -18
         -46          -6
          -1           7
          -7           1
          -7          -3
          22         -10
          40         -30
          40          38
          33          33
          42         -18
          20         -12
         -29         -41
          -1          33
         -34         -14
           7           3
           7          -7
         -25          29
          34         -16
          -8          12
          -6           4
          -2         -14
         -21         -49
           9          15
          13          15
          -3          33
         -13         -25
          -9         -55
           5           3
           8         -12
           6         -12
          48           0
         -16          18
          20          10
          -2          30
          38           4
          -2          -4
         -23          -1
           2         -10
          26          -8
          20         -20
          -6          12
          19         -21
         -15          -3
          25          -5
         -15         -17
          -5         -11
         -20         -40
          15           1
          29          39
          -1          -5
           0         -12
         -14          18
         -61           1
           8          -8
          -4          12
          29         -33
         -52          16
          35          11
         -43         -21
           4           0
          -4          -8
         -21         -17
          -1          13
          37          35
         -16         -10
          -2          12
         -18          -4
          16          24
         -51           7
         -12          22
          -1         -11
         -33           5
         -27          13
         -21          -1
         -26          34
          -4          16
          35          -1
          -5         -13
         -11         -17
         -11          13
          32          -2
          11         -25
          12         -16
           1          -5
         -19          -7
           1          25
          -9          -9
          -6          36
         -34          -4
          10          18
          13         -15
         -10           4
          38         -12
          -2           6
          29         -29
           7           5
         -39         -19
         -40          20
         -12          20
          10         -16
         -13         -23
          22         -22
         -13          13
          -2         -14
         -27          27
           5           7
           0         -18
         -34          10
         -35         -13
           6          24
          27         -27
         -18          22
          20          24
          -9           7
          13          25
          13          21
           0          20
         -36          -4
          16          30
          -9           9
           0          18
         -19          -1
           6         -30
         -27         -43
         -25           3
          13          -5
          19           5
          -9           7
           6          18
         -11          -7
          -7          -1
           2           4
          12          -4
          -9          17
          22         -12
           8          52
          -3           7
           2          14
           6           6
          36           0
          27         -21
         -23         -17
          17           1
         -39         -25
           7         -23
         -30          12
         -22         -10
         -18           0
         -17         -39
          12           8
          10           6
           0          24
         -23         -37
          -3          31
         -20          14
         -14           6
          23          17
          -7         -37
         -45          -9
         -51          11
         -14          38
          -6          16
           6         -24
          45           3
          17          11
         -37          21
          -7           1
          -5          37
          19          35
         -11          39
           6         -20
         -13          43
           5          -1
         -26          14
          23          -1
         -14          34
         -17          -7
          -1           3
          -9           3
         -31          -7
           9          -1
           2         -10
          23         -37
         -31          61
          27          35
           7          19
         -50           0
          15          11
         -60          10
          26           0
           8           6
         -14         -40
          -9         -33
          16          24
         -31          -5
          -6         -16
          41          29
         -37          -1
         -11          -1
          45           1
           8         -42
          33         -17
           7         -17
          13          17
         -11         -17
           4          14
          30         -28
          42         -10
          -4         -12
          -8          16
          17         -11
           2         -18
          18           8
          32         -12
         -16         -22
           9          27
           0         -64
         -16         -30
          25           3
         -14          14
          -1          -5
         -21         -51
         -40          64
          11           9
         -32         -12
         -26          -2
          24          20
         -18          32
          -2           0
          11          27
         -36         -12
          60           2
          -2          38
           8         -22
         -20           6
          49          -3
          21          21
           9          25
          14          38
          -7          -9
         -22           8
          -3           5
          33         -39
         -53          -1
         -33          15
         -19          13
         -27          31
         -38          -6
         -36          -8
          -5          13
           5           1
          10         -14
           5          -7
          10          -8
          12          18
          -9          23
          14          -4
         -35          -9
         -14         -14
         -11          11
           7          19
          30          38
          16         -10
          25         -39
         -37         -23
           4          12
          13           3
          20          28
          20          12
         -29         -13
          13         -17
          24          -2
          -4         -12
          -9         -25
          -9          17
         -12         -38
          -2          22
           8          14
         -17          -1
         -15          49
          18         -10
          -5         -35
           1           1
          20         -14
         -10           2
           6          -2
          19          -1
          14           2
         -17           1
          38           4
         -42           8
           6          18
         -16           4
          23           1
          25          41
         -13           1
           6         -28
         -11          11
          34          18
           5           1
         -12          46
          -1         -47
         -18           6
          10          16
          -5           9
          10          12
         -15           1
          13         -27
           7          19
           8          22
          19         -21
           2          -2
           1         -17
          21          -7
           7          31
         -34          16
         -15          -5
          35          -1
          18          18
         -10         -38
          10          14
         -33          -9
         -23          -5
         -26         -16
          12         -10
          -6         -22
         -12         -20
         -30          52
          -4         -14
         -15          13
          -1         -49
          23          23
         -13          -9
          37          31
         -20         -34
          -4          44
          23          13
         -46         -30
         -25          25
          -2          48
         -23         -21
         -12          24
          16         -24
          -6         -20
          -3         -17
         -59          11
          43           5
          -6          32
         -19          23
          13         -17
          -2         -40
          28          -8
          -8          22
          24          30
          -6          30
          -3          15
          50         -14
         -22          16
           2         -14
           5          19
          18          16
          -6          -6
         -16         -20
           3           1
         -11          31
          26          12
          22         -18
         -36         -10
         -11          17
          10          20
           3         -27
          61          19
          -6         -10
         -15          37
          -2          12
           1           9
          27           1
           6         -56
          33         -17
          20         -24
         -24          38
         -35         -49
           1         -25
          10           6
         -31          11
         -10          56
         -36         -22
           5         -13
         -39           3
          15          21
          23         -41
         -20           4
          -8         -16
         -31         -39
           4          -8
         -26         -14
         -26         -22
         -15          -9
          56          30
         -12           8
         -10          40
          -4         -18
           4           4
          -3         -17
         -22          12
          19          17
           7          23
          16           6
         -23         -27
          -7         -37
          19          25
           8          24
           5          -9
          40         -24
          10          10
          -1          25
          -2          18
         -28          20
          27          -3
          31          11
           8          -4
          24          40
          -5         -35
          56          -2
          28         -22
         -44          22
           8          24
         -14           8
         -45          11
           2           6
         -17          13
          40          20
          -9           7
         -51         -25
         -12          46
          -4          10
          14          14
