         980        1046
         994         972
        1030        1032
         986         960
        1002        1004
        1009        1011
        1022         974
        1021         973
        1022        1002
         993        1001
        1062        1036
        1013         987
        1030         968
         998         964
        1011        1013
         970         984
         982         996
        1025         997
         975        1047
         984        1024
        1033         981
        1011        1021
        1030        1020
         972        1018
         972        1010
         994        1010
         964        1008
         994        1000
         934        1004
         974        1016
        1016         992
        1011        1025
        1011        1031
         989        1011
         996        1026
        1033         999
         991        1027
         991        1009
        1004        1006
        1002         968
        1011        1003
        1005        1031
        1014         972
         992        1004
        1016         994
         943        1043
         992         994
        1027         989
         952        1006
         961        1025
        1034         936
        1016        1012
         981        1013
        1026         962
         953        1035
         980         994
        1004        1004
        1013        1001
        1006         980
        1033        1007
         979         973
        1017        1015
         996         998
        1023        1021
        1011         989
         991         965
        1003        1017
         977        1001
        1019        1065
         960         984
         997         985
         998         980
        1031        1067
         989        1021
        1015        1035
         980        1032
         992         980
        1001         983
        1014        1008
         983         993
        1020         998
        1048         980
        1010         960
        1003        1013
         961        1001
        1021         999
        1010         978
        1024        1004
         992         994
        1007        1025
         984        1000
        1000        1032
        1023         997
         985        1011
        1029         993
        1045         987
        1000         990
         988         992
        1018         988
        1044         968
        1008        1026
        1003        1015
         982         986
        1019         991
         991         989
         978         962
        1015        1049
        1023         981
         985        1003
         992         976
        1005        1013
         985         995
         986        1034
         963        1053
         977        1033
        1035        1005
        1019        1005
        1045        1037
         995        1009
         987        1007
        1002         998
         981         995
        1029         977
        1005        1019
         981         979
        1003         973
         965         951
        1008         982
        1010        1006
         996        1000
         975        1015
         983        1031
         978        1002
         987        1019
        1003         943
        1024        1030
        1045        1023
        1009        1021
         987         987
         986        1022
         989        1023
         990        1014
        1040         992
         989        1001
        1034         990
        1007        1003
         994        1006
        1006        1020
         977         987
        1010        1052
        1025         999
         996         964
        1014         980
        1023        1005
        1049         987
         982         974
        1027         991
        1000        1002
         987        1023
         976         964
         986        1020
        1044        1000
         963         999
        1040        1006
        1004        1018
         978         998
        1009         991
        1001         979
         987        1043
        1043        1011
         981         979
        1021        1029
        1002        1034
        1040        1016
        1039         989
        1041         999
        1002        1022
        1017         957
         978        1000
        1036        1000
        1008        1000
         997         985
        1019         965
        1022         940
         947        1031
        1007        1009
         990        1038
        1012         992
         979        1023
        1037         983
         982         990
        1004        1000
         984         990
        1016         988
        1012         990
        1026         980
         955         979
        1010         998
        1001         959
         984         988
        1006         986
        1015        1025
        1013         967
         960         972
         999        1043
         981         981
        1000        1006
         987        1019
         980        1018
         954        1050
        1008         958
         981         971
         991        1005
         982        1020
         990        1016
        1028         976
        1011         949
         982        1000
        1013         995
         991        1009
        1017        1043
         996        1032
         991        1013
        1022         958
         983        1029
        1017         985
         991        1009
         989        1003
        1008         990
        1025         977
        1016         976
         987         997
        1017         995
         969        1005
         981         995
         964         994
        1005         997
         982         992
         995         967
        1030        1002
         987        1015
        1023        1005
         967         975
         978         966
        1008         954
         981        1029
        1022        1018
         975        1033
        1032         976
         993         985
         991        1035
         967        1003
         956         982
        1012         998
        1007        1001
         954        1018
         984        1030
         993        1013
        1000         946
         986         978
         978         988
         971         973
         998        1018
        1004        1006
        1004        1006
         990        1010
        1027        1005
         963        1001
         972         994
         980        1006
         999        1025
        1011        1039
         984        1016
         984         998
         986        1034
        1013        1033
         974        1020
         981         965
         998         988
         977         995
        1028        1014
         987        1033
         980         996
        1013         987
        1020        1008
        1005        1009
         983         995
         989        1033
        1019        1015
        1023         963
        1042         996
         988         988
         988         964
         945        1025
         985        1027
        1002        1012
        1016        1010
         967         977
        1000         980
        1020        1042
        1002         998
        1024        1012
        1005        1009
         975        1003
        1026         984
         989        1013
        1001        1003
        1011         981
        1033         997
        1013        1013
        1010        1000
         988         992
        1021         991
        1023         977
         996         990
         986        1022
        1035         977
         998         972
         989        1007
        1031        1035
        1038        1016
         981        1013
        1000         970
         971        1005
         983        1051
         983        1009
        1004        1054
         978         958
        1033         985
        1000        1016
        1050        1030
        1004        1006
         984         990
        1019         979
         978         990
        1001         991
        1019        1011
        1018        1028
         983        1001
        1005        1047
         994        1024
        1031        1021
        1000         968
        1014         996
        1013        1015
         972         998
        1018         970
        1011         935
        1054        1016
        1013         999
         993        1001
        1008        1010
        1043        1021
        1008         972
        1005        1005
        1038         998
        1023        1023
         999         965
        1042         996
        1021        1001
        1021        1047
        1027        1017
        1021        1005
         984        1000
         985         975
        1013         971
         984        1012
        1009         983
        1012         982
        1005        1019
        1012        1012
         997         961
        1060        1036
         996         974
         999         981
         997         979
        1017        1031
        1004        1030
         994        1010
         967         973
         995         989
         991        1005
        1001        1009
        1014        1018
        1037         997
        1010         952
         966        1016
        1033        1001
        1004         966
        1001         991
        1024        1026
        1017         987
        1014         978
        1042        1006
         986         976
        1007        1019
        1017         999
        1000        1000
         977         995
         992        1036
        1010        1006
         980         988
        1021        1001
         978         992
        1013         995
         976        1014
        1020        1002
         997        1003
         994        1004
        1002         990
        1002        1034
         958        1008
         951        1017
         979        1041
         997        1003
        1002        1030
         974        1002
        1005         997
         990         986
        1012         980
         978        1010
        1032        1014
         985         939
        1017        1005
        1027        1019
         962        1002
        1030        1014
         971        1027
        1010        1024
        1024         974
         975         957
         978        1006
         996         982
         989        1015
        1003        1007
         963         973
         977        1013
        1052         980
        1006        1022
         995        1013
        1007        1057
        1004         990
        1010        1022
        1034        1002
        1021         981
         954         980
        1004         990
         986        1018
         995         999
        1014         992
        1012         994
         973         997
        1000         984
         987         971
        1021        1003
        1048         998
         995         961
        1005        1005
         973        1041
         979         995
        1019         949
        1032        1036
        1001        1025
        1017        1005
         951         977
        1028        1030
         991        1069
        1038         972
         974         946
         970         986
        1004        1006
        1016         998
         985         949
        1041        1005
        1022        1010
        1031        1017
         968        1000
        1005         997
         986        1002
         993         995
        1004        1056
        1016        1000
         989         977
        1010         962
         982        1000
        1011         997
         999        1007
        1002        1004
        1038        1050
        1051        1047
         974         958
         984        1020
         984        1050
         975         955
        1025         999
        1005         987
         994         984
        1008        1016
        1005        1033
         995         987
        1002        1042
        1039        1019
        1032        1030
        1030         980
        1033        1009
         976         978
         979        1005
        1007         971
         996         982
         996         988
        1018         972
        1027        1009
         999        1003
        1031        1007
         988        1034
        1009        1011
        1022         972
         997        1021
        1017         995
        1015        1011
         993        1009
         970         986
        1023        1017
         995        1011
        1012         954
        1005         973
         966        1032
        1023         995
        1001        1027
         961        1019
        1011         993
        1009         999
         985         993
        1030        1026
        1011         997
         988        1006
        1032        1000
         959        1013
        1001        1007
        1000        1036
         987        1001
         986        1034
         987        1011
         993        1013
         981         999
         987        1007
         999        1015
         989        1027
        1018        1002
        1005         995
        1008         992
        1019        1005
        1006         998
         950        1044
        1010        1014
        1028        1024
         986         980
        1041        1031
         940         966
        1013        1041
        1018         986
         957         989
         975         993
         941         961
         975         965
         974        1020
        1016        1032
        1003         999
        1002         988
         979        1015
        1005         953
        1000        1000
        1001        1033
         990        1012
         960         998
         999         989
         973        1007
        1005        1011
         999         997
         973         971
        1018        1022
         989        1023
        1001         985
        1028         978
        1012        1028
        1014         972
        1002         988
         992        1000
        1007         991
        1008        1030
        1035         997
        1025         977
        1007         981
        1006        1026
        1023         985
         996         984
         973        1011
         995        1005
        1022        1032
        1011        1031
        1009         945
        1004         976
        1006         980
        1034        1018
         955         979
         986         984
        1028         930
         987         929
         986         996
        1006         988
         999        1011
         979        1029
        1028        1020
        1029         993
         967        1017
        1005        1003
        1030         978
         961         987
         973         957
        1026         964
         999        1011
        1000        1024
        1019         967
        1040        1018
         979         981
        1029        1009
         986         998
        1034        1030
        1034         990
        1003         997
        1032         984
        1036         986
         984        1010
        1014         990
        1031         983
         952         984
        1001         969
         967        1009
         977        1003
         995        1017
         977        1005
         962         976
        1033        1017
         929        1037
         985        1015
        1022        1020
        1005         969
         959        1005
         981        1009
        1005         975
         979        1005
         975         979
        1003        1007
        1022         954
         983        1013
        1009        1009
         984         976
        1002        1014
        1042         960
         966        1010
         985        1049
         999         987
         989         991
         971         985
         995        1011
        1007         973
        1034         962
         984         998
        1048        1000
        1021        1007
         995         997
         970         972
        1008         988
        1005         987
        1045        1003
        1004         988
        1019         989
        1003         975
        1001         983
         999        1009
        1021        1027
        1000        1018
         994         972
        1076        1012
        1014         998
        1001        1015
         980         970
         978         974
         989         999
         992         982
         974         972
        1030         962
         982        1006
        1040        1012
         983        1013
        1007        1003
         989        1003
         977        1015
        1023         981
         974         982
         984        1014
        1006         980
         992        1012
        1046         994
         998        1010
         970        1000
         975        1037
        1007         981
         967        1007
         989         993
         982         996
        1025        1005
         931         967
         989         969
        1012        1022
        1024        1038
        1010         972
         978        1038
        1030        1020
        1044         984
        1016         984
         988         984
         987         991
         981         987
         971        1001
         951         985
        1012        1014
         976        1000
        1002        1018
        1016        1028
        1017         987
        1041         985
        1051        1023
         998         954
         989         999
         993        1013
         981        1015
         997         989
        1003        1001
         972         980
        1012         982
        1021         993
         977         963
        1010         992
         978         974
        1005        1005
         958        1024
        1006        1044
         979         973
         987        1055
         966         976
         995         979
         971        1045
         979         985
         986         990
        1027        1071
         970        1000
        1004        1004
        1021        1065
         989         949
         998        1010
         995        1001
         989        1017
         999        1059
         961        1007
         973        1007
        1006         996
         956        1020
        1004         984
         977         971
         987         999
         985         981
        1037        1015
         988        1014
         998         984
         995         979
        1027        1025
         993        1009
        1032        1048
         951         975
        1048         994
        1025         999
        1013         995
         978        1002
        1017         973
        1011         973
        1010         944
         982        1026
         967        1017
         991         997
         986        1016
        1015         995
         990        1028
        1005         961
        1008        1022
         995         977
        1001        1045
         958        1016
        1025         987
        1023        1029
        1013         989
        1013        1009
         999        1001
        1011        1023
        1011        1013
        1023        1013
        1013        1033
         989         983
         980        1002
        1041         977
        1006         978
        1003        1015
         975        1003
         983         981
         966         958
         974        1024
         920        1022
         968         982
         998        1008
        1026        1008
        1017        1025
        1028        1008
        1009         985
        1036         996
         985         979
        1015        1009
         995        1059
        1005         987
        1041        1003
        1047        1021
         984        1020
         972        1002
        1000         986
         996         988
        1016        1006
        1005         985
        1011        1017
         987        1003
        1022        1018
         970        1012
        1008         990
         974        1010
        1012         966
         990        1028
         982        1014
        1041         981
         997        1053
        1000        1002
         995        1015
        1028        1016
        1014        1008
        1026        1010
         998        1002
         991        1027
         971        1043
         998        1012
         985        1035
        1026         976
        1002         978
        1017        1007
        1013        1021
         989         995
         977         967
        1032        1026
        1015         991
         988         982
        1012        1022
         995        1005
         949        1005
         994        1000
        1008        1032
        1001        1051
        1006         976
        1047        1021
         982         966
        1011         983
        1007         995
         997        1031
         991         979
         985        1023
        1029        1029
         992        1018
        1053        1031
        1038         952
         993         981
         968         960
         989         975
         997         967
         981        1041
         996        1056
        1003         967
         989         997
         999         995
         983        1017
         998        1012
        1024        1038
         966         996
        1033        1011
         968        1020
        1017        1013
         980        1006
         998        1034
        1034        1016
        1008         974
         980        1018
         982         962
         996        1002
        1019         989
        1009         979
         953         983
        1028        1014
        1010         966
         987        1017
        1033        1011
         981         971
         975        1005
        1013         997
        1019        1051
        1026         970
         971        1017
        1014        1016
         990        1042
         992        1004
        1031         993
         964        1012
         942         962
         951         973
        1028         984
        1028        1012
         984        1006
        1012        1006
        1025        1025
        1002        1040
         974        1022
         968         994
         987         989
        1024        1022
         970         982
        1004        1010
        1014        1002
         977        1009
         981        1025
        1029         983
         995         967
        1000         980
        1000        1010
        1017         971
        1006        1026
        1001         969
         996         990
        1016        1014
         981        1019
        1035        1013
         985        1037
        1030         994
         988        1034
         990         986
        1012        1004
        1007         995
         974         986
         982         966
         989        1017
         986        1006
         990         984
         967        1011
        1027         997
         969        1015
        1001         991
        1001        1023
        1027        1033
        1024         980
         992         992
         996         998
        1008        1014
         984         976
        1005         971
         987         991
         973         991
        1027        1011
        1003        1009
         971         999
         981        1013
         963        1005
        1009         993
         983        1031
        1008        1020
         986         996
        1061         995
         954        1008
        1002        1004
        1027        1007
        1008        1010
        1001         975
        1023         985
         957         999
         998         976
        1017         985
         995         981
         965         987
        1005        1027
