         368         174
          98        -244
        -172         258
          66        -326
         -21         223
         134        -356
        -303         129
        -115         133
         -94         172
         -68         234
        -219          11
        -296        -116
        -272         414
         -98        -304
        -446        -370
        -213         169
        -446         234
        -111        -259
         396        -250
         709         149
         -89         135
        -103         -67
         389        -103
         -54         -26
        -100        -134
        -193        -139
        -251        -143
          99        -309
        -184        -528
         105         407
          73          17
        -252        -352
         500          54
         174          36
        -170          30
         384        -130
         230         236
         -47          91
           7         401
         163         135
         183          -7
         -23        -283
          41          99
         246        -164
          73        -125
        -225         -11
         157        -237
        -474         162
        -424          20
          39         309
         383        -277
         -21         -65
        -277        -127
        -126         -68
        -489          41
        -235         197
         325          91
         108        -120
          25         327
         -35         -59
          58        -300
         290         -24
         -11         -95
         -62         244
         -16        -258
        -175        -311
         248        -422
          19         189
         154          52
        -211        -119
         204         218
         264         -82
         246         384
          42         188
        -198         186
         -57         189
        -104        -122
        -108         262
          52          98
        -203         -95
         -54         418
         345        -363
         355         -71
         131         309
         -93         -29
        -134        -234
         228        -234
         240        -128
        -360          48
         -81         189
         270           6
        -153         111
          69         171
         -94         -54
        -113         -83
         113         149
         -21          95
         166         250
         131        -211
         -56         284
         278        -372
         349         117
          54        -170
          21         383
         372          68
        -104         -14
         -88           8
        -197         -11
         -51         -69
         -72        -214
        -427        -243
         -62         -36
         -25        -201
         189         199
         110         486
          65        -141
          28          68
        -218         216
         144        -314
          38        -148
        -193         -93
           3         -25
         -17         123
        -206        -216
         199          35
         156         320
         180         490
         128        -110
        -202         532
         197         -71
         266         466
         -12        -362
          56          -8
        -295         -23
        -341          11
        -217        -407
         192        -242
         -96        -436
         362          68
         139         -83
          11         -87
         -16         224
        -125         231
        -306         128
         231          17
         145          61
         -50         134
         306        -614
         389        -277
         324          16
        -267         325
        -154        -332
         235         291
         381         271
        -355         209
        -285        -239
         117         203
        -215        -255
        -424         314
        -479         -49
         202        -450
        -430          54
         -47          97
        -279         167
         252          12
        -101        -353
        -127          69
         132          -2
         106        -336
        -492         168
         -75         -43
         -87         231
        -266        -174
         286          78
        -133         -75
         126        -556
          28        -244
        -183        -237
        -327         389
         243         247
           4          86
         163         187
         251         227
         344           4
          63          35
          82         -34
         263         277
        -261         -43
        -106         -98
         223         -65
          -3        -259
         102         -28
         -96         422
          66        -280
         269          -3
         -36        -198
         188         -64
         359         -37
          71          65
          29        -215
          21         113
          24         186
          23         369
         -94         -20
        -161         -89
        -140          56
          21         275
         120        -172
         276         280
        -313        -303
        -486        -226
        -334         230
         443        -255
         430         -80
          45        -237
          30         170
         223        -279
          39        -319
         123         309
        -327        -151
        -545          31
        -174        -182
         -53         223
         495         143
         133          77
        -259        -151
        -221          69
         -99        -209
         -43        -173
         176          18
        -374         134
        -211          37
          72        -202
         114          -6
         111        -641
        -537        -257
          -8         414
         309         157
        -116         -26
          68         -66
         -45        -123
         -18          70
        -247          99
         270         372
        -136        -182
         -42          -4
           7          21
        -442         476
         260         -86
        -167        -371
         125         185
          46        -230
           6         -40
         -53         139
         -17         127
         -42         -54
        -114          94
        -319         471
        -105         571
          28         120
         -28        -110
          85         -11
          74         434
         163         103
         308         104
         -93        -307
         -67         -71
         158           0
         -35        -315
          62        -118
         211          63
         -11          85
         -43          -5
         -51         201
          58          70
         358        -196
           1        -171
         -99         -69
        -134        -336
           0        -342
        -122        -190
        -338         136
         120        -122
        -141         287
        -239         -79
          87          93
         369        -243
         -18        -108
        -169         -63
        -120          12
         241          73
         330         178
        -295         353
        -460         -38
          74          16
        -199         221
         189        -161
         -67         127
         211        -141
         117         -23
         -14           2
         -31        -403
        -162        -142
         319         327
        -191        -119
         -58         -72
         209         -87
         326         -52
        -318         -82
          -3        -233
          55         369
        -167          97
          84         174
        -134        -170
        -172         -92
        -191         111
        -164         182
         264         312
        -127        -141
        -218         278
          30         -10
         -60         474
         270         226
         181         271
        -172          94
         204        -118
        -413         285
        -527          -3
         -44          22
         174        -600
         -62        -384
         127         173
         -47         381
         -23        -237
         -77         517
         -96         -50
         171          77
         -28        -294
          46         -88
         115         341
          34         -74
        -179         149
          76         186
         335         355
         -51        -187
         146         128
        -120        -370
         -70        -214
          44          48
          48        -126
         -63         315
         221         131
        -328        -224
          12          44
         -40         -52
        -182        -156
         278         -84
        -102         168
           6        -312
         399         259
           9         141
         343         -87
          74         264
        -142         -90
         505         279
         278           6
        -306         180
          -5        -133
         440        -224
         -50         -84
          48        -164
          17         -43
         -25        -115
        -237         -67
          88        -342
         114         288
         416         234
        -453         351
         353        -103
        -152        -304
         290         302
          85        -301
          60        -138
        -128        -104
        -201         233
         183        -215
           3        -265
         373        -521
         206         322
         445         197
          67         109
        -279         -13
         143        -167
          96         236
         322        -204
         190        -162
         343         407
          46        -234
          54        -342
         380        -332
        -133          27
        -188          58
        -198        -176
           8          74
         -24         116
          22         -54
        -178           8
         441          47
          55        -119
         -93          55
        -192        -218
         347         367
        -288          58
        -103        -161
         111        -265
        -202         332
         -98         406
        -208        -248
          51         145
         169          67
          25        -131
        -105         201
          47        -401
        -128         122
        -139         131
         191         -89
          65          27
          95          61
         295         -87
        -162        -152
         303         -99
         149        -243
        -250        -452
          33          71
         127        -249
         130          56
        -367        -359
         171        -257
          72          88
         -19         137
         -93         -81
         313         303
         213         179
         -43        -179
         -67          51
         -66         102
         -96         -36
        -308          -8
          -6         -22
         -33        -311
        -152         314
         372          94
        -131         -47
         -33        -171
         -43        -255
         -40          42
         103        -139
         -62        -376
         -64          58
         222         428
         314         -54
          12          -2
         103         -21
         -91         -27
          10        -112
        -177         -55
         -52        -258
          61        -109
         -58          84
          36         -10
          94        -100
         154        -156
         -52        -276
        -190          32
          46        -366
        -366         -64
         199         201
         -64          46
          82         186
        -115         -59
        -111         191
        -284          90
        -113          57
        -402        -208
          74          62
          15         -55
         351          89
         -54         172
         -16        -138
         -15        -105
        -250         -88
         -35         -59
         246        -128
         -40         140
         113        -197
         -69          65
          36        -480
         206           2
         150         -82
          35         103
         199        -235
          17        -295
        -185         -17
         337        -107
         141          35
          23         -43
          -1          29
         137         185
         122        -272
        -194        -108
          41        -397
         323         377
         234        -278
          94         138
        -181         -23
          -6         -60
        -125         187
        -703         -75
         372        -180
         -28         418
        -320        -282
         194         250
         -42         376
        -318        -198
        -222        -102
         -12           2
         -72          28
          88          24
        -264         234
        -182          96
        -358         192
        -136        -112
         -92         198
          15         217
         -91           5
         -27         197
        -112         292
        -202        -286
         226         262
         437         -43
         301         141
         319          31
          36         -14
         305         -43
        -110          -8
         308          -4
         123        -245
         217         341
         -90         358
          30        -152
         104        -112
          47        -219
         208          56
        -232           2
        -165         -81
         110           4
         154         214
         -99         317
          53        -423
        -228         -16
         613        -185
         -16        -364
         -68         526
         215          55
         318        -122
          55        -365
         180        -556
         112          68
          44         576
         -19         151
         200        -164
         -48         276
         203         341
           8         -58
         160         310
          11        -165
          35         -75
        -401         -39
        -238        -110
         200        -136
         -53         371
         -22        -106
         450         140
        -319         167
         -37        -231
          92         -80
          59         -19
         327         261
        -117        -263
        -335        -291
         377          69
        -179         121
        -356        -220
         682         -38
         134         250
        -201        -401
         227         391
          19        -253
        -108         272
         -80        -478
          56         146
        -137        -191
         335           9
        -323          59
         -69         337
         443        -321
         215         211
         140         414
        -119        -413
        -219          27
        -189          21
         -24        -204
         -51         243
        -322         120
        -363        -191
        -301        -333
        -235        -173
         -33          47
         504         130
          43        -149
        -462          66
          -2          18
          74          32
        -444        -120
        -245         485
        -290          52
          42         118
        -136         336
         365         -97
        -248          10
          22         216
         108        -188
         -10         -64
         224         272
         589         -67
         -99         161
         486         312
         204        -388
        -169         259
         487         -11
         117        -129
        -166         238
        -133        -173
        -156        -302
        -106         -68
        -157        -195
        -287          85
         200          88
         169         241
         -88        -142
         296        -360
        -153         199
         243           1
        -153          43
          83          99
         108        -170
         302         -26
         251         377
         242         -58
        -163         139
         110        -126
         172         390
         242         122
         144         -62
         -20         -92
        -145         443
         141        -127
        -181         -87
         207        -285
        -290          16
        -154          62
        -306          58
        -493          67
         -59        -269
          49         -65
        -478        -170
        -390         -92
         335          73
          64         146
        -330        -106
         351         -23
        -123        -203
         -64        -148
          47        -339
        -157        -245
        -133          23
         282         218
         -94         -92
        -190         -18
        -392         386
          19         -31
         146         -58
         555         -57
        -431        -121
          66        -378
        -216         126
         -51         -91
        -296         -66
        -451        -189
         -48         -18
         -25         455
         148         444
        -155        -117
          26         256
          12         158
         -12         242
          25        -183
           1        -197
         154          42
        -163        -163
         158        -866
         154          22
          -3         -57
          59         333
         -74         134
        -499          13
          99        -275
        -155        -101
        -150         152
         454        -246
        -314        -106
         237          73
         -84          56
         406        -216
          20         -38
         316          -2
         192         154
         123         -73
         241        -261
         -74        -212
         -43         175
         331         127
        -201        -437
        -164         -24
          87         149
        -102        -248
         136        -348
         390        -314
        -247        -317
          98         -16
         132        -290
         106        -212
         -74         112
         151         195
          91           1
         -28         -24
        -123          51
        -508         -54
          16         -24
         171          95
        -164        -160
         -13         185
         -77         225
          98         172
        -102          70
        -114          48
         212         220
         -12        -138
         -96         -70
         -40        -270
         150         180
         229         497
         302        -380
         -77        -103
         139        -219
           6         254
        -265         -63
         166          84
          14          26
        -641           9
         -42        -166
        -725         231
          59          97
          37         -35
         -85         231
        -363        -103
         266        -106
          60         674
        -193          31
         -22         306
         266         -70
         373          13
         431           5
         322        -106
          28          20
         -90          54
         240         -54
          71         129
          16         122
        -147        -385
         -68          78
          12        -144
        -151         -77
         186        -186
          52        -200
        -254         124
         135        -157
         -91         139
          91         223
        -490          24
          -9        -473
          92        -240
         -85         191
         365        -515
        -130         188
        -266        -250
        -157        -249
         161         203
         132         -46
        -145          87
         -65         241
         -97         193
        -364         146
          41         317
        -149         151
         375          51
        -319         -97
          14         364
         -86          22
          61         155
         -13        -149
         214        -380
        -156         368
        -351         213
        -248         228
        -298        -178
         -33         205
         153         119
        -154         -14
         -87        -215
         154         330
        -340        -168
          28        -360
         -13          53
           9         115
         240        -280
         237         391
         244        -178
        -111        -427
          67         309
          36          20
        -473        -123
        -121          73
          44           4
          -7          57
         -14          88
          63         281
         179          11
        -136         200
         111        -423
          30          36
         -81         143
         -12        -142
        -307        -199
          26         170
          13         195
         -94        -122
         -50         -46
         127         369
        -105        -461
        -101         -19
         286         194
        -178         -34
        -163          15
         -23         395
         -24        -376
          10          68
        -157         247
        -117         -15
         386        -204
         248        -124
         -63         -39
        -251         301
         221        -159
        -204         100
         314         162
         520          24
         380         356
        -127        -373
         -89         323
         -38         530
          57        -123
        -114         382
         263         -11
         184        -102
        -131          25
         265        -517
        -111           3
        -165        -355
        -171          73
        -594         296
        -241         327
         292        -456
         241         285
         -38          74
          43         -61
         114          52
          -2         118
         497          51
        -236         320
         112        -106
         117        -183
         -87        -117
        -146        -282
          24          24
        -389          -7
         269          35
         191        -233
          49          51
         -55        -229
         -85        -287
        -178         -60
         147         -33
        -115         285
          62        -276
        -100         -84
         -34        -148
          -5          27
          17         205
        -332         200
        -380         106
         222          52
         220         172
          62         148
        -387         -19
          19        -121
         311          37
         279         101
        -229         -15
           2         160
         -51        -133
        -248         -18
         179         -85
        -287          75
         -73        -191
        -123          69
         -80        -124
          96        -328
          71         359
         -73         211
         -72         134
         -37        -655
         175        -255
         197          53
        -232         314
        -397         139
         118          18
         -51        -177
        -331         237
         -11         -13
        -319        -321
         439           7
        -139         219
         259         467
          29          81
        -207        -223
         -57          13
         201         383
         -72         234
         -55        -381
          18        -326
         165          73
         -83         373
         423        -231
         291          73
         198          40
         319         243
         392         262
          46        -130
          14        -120
         -88        -214
        -454         274
        -203         -91
          10          88
          56        -340
         -60         142
         -98          18
        -293         145
          61        -247
         -80        -124
         424         452
         589         -21
         243        -197
         116        -134
        -423         109
          75        -249
         334        -266
        -378         296
        -169         -23
        -425         -93
         150         -34
          25         185
         154          54
         175         -77
         153          93
           0        -536
          57         175
        -287        -301
         377         -35
         317         163
