  0.39000000000000001        0.0000000000000000     
  0.39000000000000001        7.5458614744043735E-003
  0.38974059001108574        1.5086703790240994E-002
  0.38922186179211327        2.2617508000156477E-002
  0.38844385343190718        3.0133245557233828E-002
  0.38740654970674393        3.7628868467535145E-002
  0.38610988254595485        4.5099299360272890E-002
  0.38455373161215861        5.2539421429313046E-002
  0.38273792500512377        5.9944068198749152E-002
  0.38066224010091243        6.7308013063953759E-002
  0.37832640454082073        7.4625958557799785E-002
  0.37573009738776381        8.1892525289632895E-002
  0.37287295047121860        8.9102240502046834E-002
  0.36975454994570572        9.6249526187543233E-002
  0.36637443809214443       0.10332868670371778     
  0.36273211539634392       0.11033389582167487     
  0.35882704294450807       0.11725918313789709     
  0.35465864518205226       0.12409841977474617     
  0.35022631308940855       0.13084530328910532     
  0.34552940783699593       0.13749334170234470     
  0.34056726499135903       0.14403583655775556     
  0.33533919935586709       0.15046586490380442     
  0.32984451054259356       0.15677626009296208     
  0.32408248938739759       0.16295959127641732     
  0.31805242533819394       0.16900814146465556     
  0.31175361496739462       0.17491388401264377     
  0.30518537178408794       0.18066845737620713     
  0.29834703755035341       0.18626313797313276     
  0.29123799533998079       0.19168881096865242     
  0.28385768461771460       0.19693593879036189     
  0.27620561866410620       0.20199452716253119     
  0.26828140472647272       0.20685408843446532     
  0.26008476734194397       0.21150360196256440     
  0.25161557535604706       0.21593147129169724     
  0.24287387325202714       0.22012547786942882     
  0.23385991751486196       0.22407273101792019     
  0.22457421888294005       0.22775961388487759     
  0.21501759149347244       0.23117172509943493     
  0.20519121010940847       0.23429381587496600     
  0.19509667683119242       0.23710972233353003     
  0.18473609895221235       0.23960229288273835     
  0.17411217991917222       0.24175331056447219     
  0.16322832571556134       0.24354341042847044     
  0.15208876940619065       0.24495199217900718     
  0.14069871707187720       0.24595712862202898     
  0.12906451893364765       0.24653547083304905     
  0.11719387012118684       0.24666215151244120     
  0.10509604628232506       0.24631068874692436     
   9.2782180052864024E-002  0.24545289342267276     
   8.0265585289013452E-002  0.24405878492581737     
   6.7562136865549627E-002  0.24209652163435169     
   5.4690714682811559E-002  0.23953235519516489     
   4.1673721170053010E-002  0.23633062086660367     
   2.8537681801818544E-002  0.23245378049648172     
   1.5313937613019817E-002  0.22786254022346963     
   2.0394368829843826E-003  0.22251607195414388     
  -1.1242370712840255E-002  0.21637237623086980     
  -2.4480541208672567E-002  0.20938883424577659     
  -3.7615560101295138E-002  0.20152300809210383     
  -5.0578216344488253E-002  0.19273375983592320     
  -6.3288487124944184E-002  0.18298276949635317     
  -7.5654531766715660E-002  0.17223653570807870     
  -8.7571942958164672E-002  0.16046893453464120     
  -9.8923464009767384E-002  0.14766438265830362     
 -0.10957944556843843       0.13382158964406893     
 -0.11939936929497265       0.11895777861363110     
 -0.12823478335091773       0.10311309905659670     
 -0.13593393799822795        8.6354757652948186E-002
 -0.14234823875519595        6.8780187072437340E-002
 -0.14734032505820294        5.0518427264606376E-002
 -0.15079315584763198        3.1728904485751601E-002
 -0.15261903404977359        1.2597049039643347E-002
 -0.15276719296133431       -6.6732839712705565E-003
 -0.15122857492693434       -2.5869934005241648E-002
 -0.14803684480278761       -4.4783794224617993E-002
 -0.14326541585202629       -6.3219767285008860E-002
 -0.13702108185047959       -8.1005780869906049E-002
 -0.12943546086408905       -9.7998836188012722E-002
 -0.12065568302872812      -0.11408776538300137     
 -0.11083559632066532      -0.12919301513898337     
 -0.10012836251632493      -0.14326418187430565     
  -8.8680853314359390E-002 -0.15627615872039796     
  -7.6629871574180067E-002 -0.16822467748460881     
  -6.4099974931813089E-002 -0.17912183986118563     
  -5.1202565212241494E-002 -0.18899201870723900     
  -3.8035891282793922E-002 -0.19786832573497370     
  -2.4685653699483629E-002 -0.20578970751629933     
  -1.1225963440940416E-002 -0.21279864702255852     
   2.2795269089509350E-003 -0.21893940291823782     
   1.5776443681747833E-002 -0.22425670117340313     
   2.9218543304429006E-002 -0.22879479256163035     
   4.2566640018236707E-002 -0.23259679742385217     
   5.5787633172584686E-002 -0.23570427058568991     
   6.8853642181123789E-002 -0.23815693150756015     
   8.1741248001430539E-002 -0.23999251605504174     
   9.4430834727940810E-002 -0.24124671602975140     
  0.10690602223349556      -0.24195318063683594     
  0.11915317980097004      -0.24214356048418226     
  0.13116101069422512      -0.24184757972318285     
  0.14292019818907259      -0.24109312579397024     
  0.15442310443830426      -0.23990634916040379     
  0.16566351450522210      -0.23831176761321046     
  0.17663641886380291      -0.23633237135053303     
  0.18733782857305115      -0.23398972624767606     
  0.19776461815976615      -0.23130407360713642     
  0.20791439197719108      -0.22829442531719077     
  0.21778537044654980      -0.22497865380430410     
  0.22737629313974980      -0.22137357648827224     
  0.23668633613275308      -0.21749503467452652     
  0.24571504145952128      -0.21335796697173781     
  0.25446225683524470      -0.20897647742435566     
  0.26292808410341995      -0.20436389861353671     
  0.27111283510206885      -0.19953285001679122     
  0.27901699384689144      -0.19449529193451170     
  0.28664118409940037      -0.18926257529613760     
  0.29398614153122316      -0.18384548765428640     
  0.30105268981613753      -0.17825429566481460     
  0.30784172008270794      -0.17249878433667684     
  0.31435417324571135      -0.16658829331921093     
  0.32059102480647533      -0.16053175047720883     
  0.32655327177297233      -0.15433770298661784     
  0.33224192140183600      -0.14801434616648218     
  0.33765798150790505      -0.14156955024613291     
  0.34280245212372129      -0.13501088525088437     
  0.34767631832267032      -0.12834564417472477     
  0.35228054404603676      -0.12158086459476031     
  0.35661606679689140      -0.11472334886950109     
  0.36068379308305065      -0.10777968305145098     
  0.36448459450787063      -0.10075625463384577     
  0.36801930442179032       -9.3659269241728724E-002
  0.37128871505968836       -8.6494766368805653E-002
  0.37429357509957284       -7.9268634253625028E-002
  0.37703458758714276       -7.1986623981525541E-002
  0.37951240817856330       -6.4654362892427181E-002
  0.38172764366057099       -5.7277367368859064E-002
  0.38368085071292729       -4.9861055073567771E-002
  0.38537253488340562       -4.2410756701587775E-002
  0.38680314975004365       -3.4931727307738844E-002
  0.38797309624941878       -2.7429157267106489E-002
  0.38888272215329717       -1.9908182923127397E-002
  0.38953232167924251       -1.2373896975413211E-002
  0.38992213522371394       -4.8313586573782335E-003
  0.39005234920889581        2.7143962479312922E-003
  0.38992309603703706        1.0258345506693731E-002
  0.38953445414848620        1.7795470601657183E-002
  0.38888644818193424        2.5320746922331123E-002
  0.38797904923766835        3.2829133932583396E-002
  0.38681217524693595        4.0315565270050376E-002
  0.38538569145286744        4.7774938731263955E-002
  0.38369941101084898        5.5202106095537079E-002
  0.38175309571882315        6.2591862739421480E-002
  0.37954645689077471        6.9938936991945339E-002
  0.37707915638968514        7.7237979178839122E-002
  0.37435080783957569        8.4483550301545959E-002
  0.37136097803997048        9.1670110293965199E-002
  0.36810918861027714        9.8792005796567842E-002
  0.36459491789629134       0.10584345738371917     
  0.36081760317638412       0.11281854617571298     
  0.35677664321104718       0.11971119976212459     
  0.35247140118648779       0.12651517735758458     
  0.34790120811104430       0.13322405410491664     
  0.34306536673252530       0.13983120443372327     
  0.33796315605538302       0.14632978437489383     
  0.33259383654918018       0.15271271272310005     
  0.32695665615441122       0.15897265093008847     
  0.32105085720876503       0.16510198160143527     
  0.31487568443680841       0.17109278545836371     
  0.30843039416935153       0.17693681661422175     
  0.30171426498605525       0.18262547600228460     
  0.29472661000690092       0.18814978277772648     
  0.28746679109585671       0.19350034350199297     
  0.27993423528450728       0.19866731890256503     
  0.27212845377583672       0.20364038798550896     
  0.26404906395029093       0.20840870926265956     
  0.25569581486951376       0.21296087884039283     
  0.24706861685992162       0.21728488510357366     
  0.23816757586114451       0.22136805971764539     
  0.22899303334639343       0.22519702466567809     
  0.21954561276666740       0.22875763503789306     
  0.20982627364268863       0.23203491730201090     
  0.19983637463259560       0.23501300280821139     
  0.18957774714558071       0.23767505632865557     
  0.17905278135853106       0.24000319950668692     
  0.16826452683184479       0.24197842920620410     
  0.15721681032017409       0.24358053092237636     
  0.14591437384248565       0.24478798766112680     
  0.13436303662186752       0.24557788504376549     
  0.12256988513589454       0.24592581388094492     
  0.11054349623672649       0.24580577213461696     
   9.8294199103644203E-002  0.24519006911089355     
   8.5834382665191569E-002  0.24404923598281367     
   7.3178856040080217E-002  0.24235194843582777     
   6.0345270431156214E-002  0.24006496949437864     
   4.7354611652089394E-002  0.23715312359103993     
   3.4231772884858770E-002  0.23357931687806402     
   2.1006217059800582E-002  0.22930462387795983     
   7.7127369609433271E-003  0.22428846705258246     
  -5.6076818947820226E-003  0.21848892392570879     
  -1.8906896357464380E-002  0.21186320607897949     
  -3.2128549382588370E-002  0.20436836542549594     
  -4.5206948853235458E-002  0.19596229487422864     
  -5.8065931735870699E-002  0.18660510111710496     
  -7.0617797874519897E-002  0.17626093359837935     
  -8.2762443684529827E-002  0.16490035042430101     
  -9.4386883598711654E-002  0.15250328100482105     
 -0.10536541192921930       0.13906259586254507     
 -0.11556071815509583       0.12458820433586189     
 -0.12482630232525227       0.10911146180874487     
 -0.13301051031400590        9.2689481509458826E-002
 -0.13996238005707631        7.5408736043668295E-002
 -0.14553922685470519        5.7387157631878245E-002
 -0.14961550103863452        3.8773892710674322E-002
 -0.15209199311074750        1.9746033181736497E-002
 -0.15290408391679408        5.0208520556831756E-004
 -0.15202762232315528       -1.8747407404575568E-002
 -0.14948128957720244       -3.7790978522774819E-002
 -0.14532495754251681       -5.6427519110836981E-002
 -0.13965436997393885       -7.4476096801663116E-002
 -0.13259318364499392       -9.1783083893436104E-002
 -0.12428377060292076      -0.10822602885287884     
 -0.11487814290418553      -0.12371439254651898     
 -0.10453002100824241      -0.13818776684236350     
  -9.3388607236027210E-002 -0.15161241626683752     
  -8.1594205225143976E-002 -0.16397696716764393     
  -6.9275531083176550E-002 -0.17528790704560271     
  -5.6548406475493786E-002 -0.18556534452888362     
  -4.3515479840432442E-002 -0.19483928320282623     
  -3.0266647620945417E-002 -0.20314651096232547     
  -1.6879906105263482E-002 -0.21052810623347876     
  -3.4224311098596349E-003 -0.21702750551134303     
   1.0048256480927359E-002 -0.22268905107490625     
   2.3483132049138371E-002 -0.22755693205201549     
   3.6840571306142947E-002 -0.23167443742459762     
   5.0085346970427255E-002 -0.23508345013443566     
   6.3187730621177010E-002 -0.23782412354270002     
   7.6122701354239500E-002 -0.23993469313132573     
   8.8869256419281312E-002 -0.24145138658729426     
  0.10140981558454301      -0.24240840397937694     
  0.11372970948682025      -0.24283794665014766     
  0.12581674193170708      -0.24277027888732275     
  0.13766081650965648      -0.24223381064366611     
  0.14925361865938164      -0.24125519277935711     
  0.16058834523528648      -0.23985941871560107     
  0.17165947459533426      -0.23806992819080366     
  0.18246257114883979      -0.23590871014466369     
  0.19299411915298662      -0.23339640273472970     
  0.20325138130641307      -0.23055238920255669     
  0.21323227835454753      -0.22739488882021941     
  0.22293528649816877      -0.22394104251392644     
  0.23235934989124343      -0.22020699301852684     
  0.24150380593531420      -0.21620795959380032     
  0.25036832143474835      -0.21195830745220082     
  0.25895283797878438      -0.20747161212424897     
  0.26725752517056733      -0.20276071903393708     
  0.27528274053739188      -0.19783779858109488     
  0.28302899513640467      -0.19271439703711477     
  0.29049692402142957      -0.18740148355947128     
  0.29768726086394071      -0.18190949362252751     
  0.30460081612839746      -0.17624836914968928     
  0.31123845829243602      -0.17042759561683263     
  0.31760109767852446      -0.16445623638036108     
  0.32368967252793018      -0.15834296446613869     
  0.32950513700213802      -0.15209609203850613     
  0.33504845084280066      -0.14572359775203209     
  0.34032057046023861      -0.13923315217284662     
  0.34532244125355510      -0.13263214144150903     
  0.35005499099352760      -0.12592768933546486     
  0.35451912412336350      -0.11912667787628070     
  0.35871571685281772      -0.11223576661500838     
  0.36264561293861336      -0.10526141071819768     
  0.36630962005904394       -9.8209877967207135E-002
  0.36970850670345196       -9.1087264774505600E-002
  0.37284299950830169       -8.3899511312559710E-002
  0.37571378098106689       -7.6652415843606436E-002
  0.37832148756136924       -6.9351648332061547E-002
  0.38066670797592833       -6.2002763415459926E-002
  0.38274998185008419       -5.4611212804612341E-002
  0.38457179854407336       -4.7182357179048985E-002
  0.38613259618699963       -3.9721477639760257E-002
  0.38743276088564732       -3.2233786777701633E-002
  0.38847262608902777       -2.4724439413468004E-002
  0.38925247209290897       -1.7198543060933498E-002
  0.38977252567162313       -9.6611681654699879E-003
  0.39003295982723918       -2.1173581655792198E-003
  0.39003389364878327        5.4278605746179093E-003
  0.38977539227664015        1.2969468915610217E-002
  0.38925746696962082        2.0502445129675043E-002
  0.38848007527448064        2.8021755079539832E-002
  0.38744312129996189        3.5522342343008176E-002
  0.38614645609975973        4.2999118237628128E-002
  0.38458987817121271        5.0446951698720537E-002
  0.38277313407904762        5.7860658962961137E-002
  0.38069591921620999        6.5234993008211409E-002
  0.37835787871674065        7.2564632698405115E-002
  0.37575860853887311        7.9844171580001469E-002
  0.37289765674009234        8.7068106273790191E-002
  0.36977452496988611        9.4230824402651986E-002
  0.36638867021042010       0.10132659199221014     
  0.36273950680047473       0.10834954027712163     
  0.35882640878380767       0.11529365184101047     
  0.35464871262978198       0.12215274601270176     
  0.35020572038177961       0.12892046343542532     
  0.34549670329778281       0.13559024971897632     
  0.34052090605776419       0.14215533807739578     
  0.33527755162442902       0.14860873084651566     
  0.32976584685769872       0.15494317976665170     
  0.32398498899945982       0.16115116490577538     
  0.31793417316394823       0.16722487208761638     
  0.31161260099118859       0.17315616867731301     
  0.30501949064675377       0.17893657756443485     
  0.29815408838145518       0.18455724916947513     
  0.29101568190026339       0.19000893128532062     
  0.28360361583179422       0.19528193654988779     
  0.27591730963928407       0.20036610733029181     
  0.26795627837255431       0.20525077778293685     
  0.25972015672975252       0.20992473283830770     
  0.25120872697971020       0.21437616384476224     
  0.24242195139302608       0.21859262059335727     
  0.23336000994539313       0.22256095943721224     
  0.22402334419370346       0.22626728721624986     
  0.21441270838818949       0.22969690070428167     
  0.20452922907711096       0.23283422131435585     
  0.19437447468989225       0.23566272483554696     
  0.18395053685662174       0.23816486603741402     
  0.17326012554377421       0.24032199807730481     
  0.16230668046601257       0.24211428679420041     
  0.15109450168060842       0.24352062018925943     
  0.13962890279305651       0.24451851370227762     
  0.12791639080761238       0.24508401232782961     
  0.11596487735000040       0.24519159121861317     
  0.10378392677149248       0.24481405725417160     
   9.1385047504560321E-002  0.24392245518626846     
   7.8782033954816977E-002  0.24248598350554920     
   6.5991367130005502E-002  0.24047192723252267     
   5.3032683030464864E-002  0.23784561757515751     
   3.9929318398223820E-002  0.23457043200420785     
   2.6708943487742495E-002  0.23060785299363024     
   1.3404290681917773E-002  0.22591760968929717     
   5.3985431669897194E-005  0.22045793431539060     
  -1.3296518729703449E-002  0.21418597432178155     
  -2.6593907684634405E-002  0.20705841201042061     
  -3.9775896921457991E-002  0.19903235510168363     
  -5.2770085487810370E-002  0.19006657306726646     
  -6.5492845237003022E-002  0.18012316242693838     
  -7.7848358898359074E-002  0.16916972501970667     
  -8.9727974641713046E-002  0.15718212939687309     
 -0.10101010837518576       0.14414788700680267     
 -0.11156098913230426       0.13007009983587359     
 -0.12123658913295485       0.11497181386636192     
 -0.12988607817071618        9.8900440155969008E-002
 -0.13735705197155174        8.1931697941545367E-002
 -0.14350256790556867        6.4172337320424128E-002
 -0.14818966613411833        4.5760792739703557E-002
 -0.15130860375369209        2.6865002027103818E-002
 -0.15278160422967949        7.6769734403715952E-003
 -0.15256970181122329       -1.1595718184397611E-002
 -0.15067639968348329       -3.0740618793305051E-002
 -0.14714739871959148       -4.9551808253761764E-002
 -0.14206644815433128       -6.7840379511411808E-002
 -0.13554814668167456       -8.5442578776830980E-002
 -0.12772901756905861      -0.10222480321542117     
 -0.11875827197196140      -0.11808535949476100     
 -0.10878941683377825      -0.13295346175791142     
  -9.7973424569560444E-002 -0.14678626282386867     
  -8.6453735553993827E-002 -0.15956476761769295     
  -7.4363023322914418E-002 -0.17128935396480419     
  -6.1821452153145440E-002 -0.18197542233770611     
  -4.8936079728755799E-002 -0.19164948959560923     
  -3.5801064188394571E-002 -0.20034587380202554     
  -2.2498385500044678E-002 -0.20810400042728658     
  -9.0988567553777037E-003 -0.21496629014188784     
   4.3367356179961148E-003 -0.22097655364258231     
   1.7756470545448384E-002 -0.22617880760384884     
   3.1116176905587562E-002 -0.23061642820274242     
   4.4378401727999825E-002 -0.23433156788392870     
   5.7511479737008986E-002 -0.23736477279293797     
   7.0488709143204029E-002 -0.23975475015213921     
   8.3287630800937817E-002 -0.24153824556264045     
   9.5889403521182720E-002 -0.24274999931093236     
  0.10827826626163869      -0.24342275818023709     
  0.12044107726552145      -0.24358732515556447     
  0.13236692041170800      -0.24327263399143825     
  0.14404676969264418      -0.24250583911923257     
  0.15547320361072933      -0.24131241402584927     
  0.16664016223017089      -0.23971625322469386     
  0.17754274055259564      -0.23773977441748800     
  0.18817701275380164      -0.23540401853404211     
  0.19853988260362010      -0.23272874613249844     
  0.20862895608369691      -0.22973252921849721     
  0.21844243282058140      -0.22643283795440358     
  0.22797901346998833      -0.22284612202162979     
  0.23723782063081716      -0.21898788660209326     
  0.24621833124349315      -0.21487276308281530     
  0.25492031874528476      -0.21051457467833606     
  0.26334380352366921      -0.20592639722216652     
  0.27148901043494422      -0.20112061541064952     
  0.27935633234560342      -0.19610897479752687     
  0.28694629881411415      -0.19090262984046633     
  0.29425954916545932      -0.18551218829563146     
  0.30129680932420400      -0.17994775224586834     
  0.30805887186736264      -0.17421895603424623     
  0.31454657883886733      -0.16833500135896426     
  0.32076080693539633      -0.16230468976903831     
  0.32670245473074688      -0.15613645278341765     
  0.33237243165452368      -0.14983837983973211     
  0.33777164848208296      -0.14341824426305222     
  0.34290100912760818      -0.13688352743005677     
  0.34776140356188562      -0.13024144128995790     
  0.35235370170162700      -0.12349894939048711     
  0.35667874813874340      -0.11666278654520928     
  0.36073735759639269      -0.10973947726739090     
  0.36453031101438638      -0.10273535308556873     
  0.36805835218006328       -9.5656568846801723E-002
  0.37132218483235957       -8.8509118105290233E-002
  0.37432247017681780       -8.1298847686558803E-002
  0.37705982475792815       -7.4031471510667163E-002
  0.37953481864269029       -6.6712583751886281E-002
  0.38174797387579984       -5.9347671406901892E-002
  0.38369976317255128       -5.1942126338839878E-002
  0.38539060882053600       -4.4501256860203592E-002
  0.38682088176561275       -3.7030298914133307E-002
  0.38799090086153026       -2.9534426910207794E-002
  0.38890093226607481       -2.2018764268276699E-002
  0.38955118896976815       -1.4488393721513454E-002
  0.38994183044602182       -6.9483674279889312E-003
  0.39007296241431522        5.9628306143245686E-004
  0.38994463671046492        8.1405369321953750E-003
  0.38955685126043571        1.5679374286234265E-002
  0.38890955015645762        2.3207766327712907E-002
  0.38800262383650175        3.0720665508852246E-002
  0.38683590937047468        3.8212995590072359E-002
  0.38540919085885939        4.5679641568015628E-002
  0.38372219995200690        5.3115439423997955E-002
  0.38177461650091465        6.0515165644042503E-002
  0.37956606935316539        6.7873526459872865E-002
  0.37709613731080344        7.5185146758061761E-002
  0.37436435027035253        8.2444558601926385E-002
  0.37137019056900616        8.9646189307706903E-002
  0.36811309456532415        9.6784349013031151E-002
  0.36459245448764427       0.10385321767162356     
  0.36080762058896876       0.11084683140362152     
  0.35675790365343962       0.11775906812567755     
  0.35244257790681782       0.12458363237920538     
  0.34786088439179969       0.13131403926862401     
  0.34301203487874143       0.13794359741421555     
  0.33789521639365450       0.14446539081618784     
  0.33250959645846068       0.15087225951766833     
  0.32685432915378948       0.15715677894460350     
  0.32092856213245280       0.16331123778985193     
  0.31473144473261461       0.16932761429710783     
  0.30826213736414160       0.17519755078765775     
  0.30151982237034297       0.18091232625936707     
  0.29450371660107627       0.18646282687276391     
  0.28721308597296402       0.19183951412374223     
  0.27964726233936738       0.19703239048642643     
  0.27180566304815829       0.20203096229342574     
  0.26368781363084753       0.20682419960450579     
  0.25529337414420583       0.21140049279928316     
  0.24662216977748222       0.21574760561585848     
  0.23767422644744898       0.21985262434669717     
  0.22844981223307623       0.22370190289743291     
  0.21894948565556807       0.22728100341622812     
  0.20917415199237382       0.23057463221448396     
  0.19912512903100282       0.23356657072898790     
  0.18880422392625174       0.23623960132774682     
  0.17821382312990874       0.23857542784591226     
  0.16735699772307680       0.24055459086671394     
  0.15623762690656720       0.24215637795183204     
  0.14486054290322783       0.24335872929852559     
  0.13323170110596469       0.24413813968702308     
  0.12135837997312779       0.24446955812102752     
  0.10924941593130842       0.24432628730945985     
   9.6915479389129769E-002  0.24367988615810096     
   8.4369398875473955E-002  0.24250007982580993     
   7.1626541250464290E-002  0.24075468376730039     
   5.8705256820063501E-002  0.23840955067894690     
   4.5627398881840413E-002  0.23542855256469708     
   3.2418927521468743E-002  0.23177361445659411     
   1.9110607021784468E-002  0.22740482189098210     
   5.7388045123645086E-003  0.22228063128381290     
  -7.6536062996506952E-003  0.21635822102990560     
  -2.1016239424359668E-002  0.20959403146311997     
  -3.4290103631869580E-002  0.20194455338925715     
  -4.7406455178892477E-002  0.19336743671107001     
  -6.0285656211552303E-002  0.18382300056332851     
  -7.2836136916075156E-002  0.17327623051293770     
  -8.4953609836642255E-002  0.16169934052808266     
  -9.6520746081692754E-002  0.14907494852806230     
 -0.10740758894690686       0.13539985287416367     
 -0.11747303587534420       0.12068929138324691     
 -0.12656773831583468       0.10498140771118875     
 -0.13453871338242709        8.8341450169713426E-002
 -0.14123579032049599        7.0865019577374580E-002
 -0.14651970394257435        5.2679534673614754E-002
 -0.15027121804312391        3.3943092515942873E-002
 -0.15240020911227484        1.4840156693807534E-002
 -0.15285332890051131       -4.4259691433040978E-003
 -0.15161887022562384       -2.3643230030869537E-002
 -0.14872787220153147       -4.2602172538736223E-002
 -0.14425123636823037       -6.1106918973385917E-002
 -0.13829344129610763       -7.8984224840647238E-002
 -0.13098405489651713       -9.6089589592691066E-002
 -0.12246847135349850      -0.11231009100338046     
 -0.11289914341423829      -0.12756425285150116     
 -0.10242818211776147      -0.14179966307688083     
  -9.1201736894266264E-002 -0.15498919545793788     
  -7.9356186035036316E-002 -0.16712661317919139     
  -6.7015920558122888E-002 -0.17822214642143056     
  -5.4292390197227453E-002 -0.18829842498952118     
  -4.1284063317061664E-002 -0.19738696410045592     
  -2.8076991905183757E-002 -0.20552526777925942     
  -1.4745735492981188E-002 -0.21275452979391010     
  -1.3544629634736623E-003 -0.21911786682141110     
   1.2041891963266188E-002 -0.22465900045914217     
   2.5396500967646694E-002 -0.22942130322718057     
   3.8669583603346769E-002 -0.23344713108578671     
   5.1827445728856426E-002 -0.23677737613641386     
   6.4841622646523434E-002 -0.23945118508404289     
   7.7688126404712593E-002 -0.24150580013884432     
   9.0346791362515083E-002 -0.24297648864162438     
  0.10280070937610208      -0.24389653563500135     
  0.11503574489216713      -0.24429727995837988     
  0.12704012017189917      -0.24420817942194090     
  0.13880406138159671      -0.24365689444774563     
  0.15031949709114539      -0.24266938247978115     
  0.16157980164312849      -0.24126999765662574     
  0.17257957678821650      -0.23948159187446524     
  0.18331446586772851      -0.23732561457642745     
  0.19378099563214229      -0.23482220949039964     
  0.20397644150308517      -0.23199030718195618     
  0.21389871271478375      -0.22884771275316090     
  0.22354625431378591      -0.22541118834838222     
  0.23291796346061677      -0.22169653035993050     
  0.24201311787265156      -0.21771864138556443     
  0.25083131458273145      -0.21349159709630910     
  0.25937241747127848      -0.20902870824114309     
  0.26763651226848051      -0.20434257805572806     
  0.27562386792424420      -0.19944515536343074     
  0.28333490341290313      -0.19434778366427380     
  0.29077015918214633      -0.18906124650543504     
  0.29793027257558069      -0.18359580941861467     
  0.30481595665937877      -0.17796125869726734     
  0.31142798196864541      -0.17216693727197491     
  0.31776716076102052      -0.16622177792626958     
  0.32383433342577078      -0.16013433407881661     
  0.32963035674800262      -0.15391280834158758     
  0.33515609377115635      -0.14756507904787247     
  0.34041240503786951      -0.14109872492893241     
  0.34540014102067684      -0.13452104810392845     
  0.35012013558072030      -0.12783909553455278     
  0.35457320031541173      -0.12105967908356514     
  0.35876011967543525      -0.11418939430519628     
  0.36268164674811521      -0.10723463808509515     
  0.36633849961843912      -0.10020162523812967     
  0.36973135823127989       -9.3096404163852856E-002
  0.37286086168891419       -8.5924871651766113E-002
  0.37572760592704335       -7.8692786921597188E-002
  0.37833214172040941       -7.1405784977608230E-002
  0.38067497297594832       -6.4069389350410719E-002
  0.38275655527739311       -5.6689024294841295E-002
  0.38457729465046747       -4.9270026508102027E-002
  0.38613754652241167       -4.1817656428551307E-002
  0.38743761485365602       -3.4337109172211285E-002
  0.38847775142309232       -2.6833525161203287E-002
  0.38925815525166396       -1.9312000495906468E-002
  0.38977897215196916       -1.1777597120633306E-002
  0.39004029439430871       -4.2353528310091143E-003
  0.39004216048216356        3.3097088299846840E-003
  0.38978455503250881        1.0852568741204141E-002
  0.38926740875870486        1.8388202392175826E-002
  0.38849059855600004        2.5911570046120425E-002
  0.38745394769197322        3.3417606831514533E-002
  0.38615722610658526        4.0901212715980663E-002
  0.38460015082893945        4.8357242315378156E-002
  0.38278238652041802        5.5780494489681448E-002
  0.38070354615661817        6.3165701675563957E-002
  0.37836319186350809        7.0507518903539373E-002
  0.37576083592652382        7.7800512445026601E-002
  0.37289594199499915        8.5039148031776021E-002
  0.36976792650843887        9.2217778586694540E-002
  0.36637616037580123        9.9330631401202407E-002
  0.36271997094424746       0.10637179468980994     
  0.35879864429986519       0.11333520344757593     
  0.35461142794981515       0.12021462453045739     
  0.35015753394334892       0.12700364087223370     
  0.34543614249838794       0.13369563474463678     
  0.34044640621106775       0.14028376995948830     
  0.33518745493809698       0.14676097290298185     
  0.32965840145627473       0.15311991228269850     
  0.32385834802042329       0.15935297745746160     
  0.31778639396076858       0.16545225520867848     
  0.31144164448396577       0.17140950479935896     
  0.30482322086915054       0.17721613115353929     
  0.29793027228234847       0.18286315597440528     
  0.29076198947019355       0.18834118660407984     
  0.28331762063826421       0.19364038241196818     
  0.27559648987172847       0.19875041848198521     
  0.26759801851793136       0.20366044635231184     
  0.25932175002390218       0.20835905154511491     
  0.25076737880869993       0.21283420760875552     
  0.24193478385367984       0.21707322638259638     
  0.23282406781627588       0.22106270418627810     
  0.22343560261846576       0.22478846363360286     
  0.21377008263409897       0.22823549077917013     
  0.20382858680487229       0.23138786732808397     
  0.19361265125891897       0.23422869768144730     
  0.18312435429561194       0.23674003066121124     
  0.17236641594302671       0.23890277586841593     
  0.16134231469908153       0.24069661479401600     
  0.15005642454264670       0.24209990704161416     
  0.13851417585570774       0.24308959236372721     
  0.12672224453952929       0.24364108969398185     
  0.11468877434108253       0.24372819502507992     
  0.10242363822887456       0.24332298090003021     
   8.9938745556607400E-002  0.24239570153505563     
   7.7248402696644486E-002  0.24091470928395148     
   6.4369735750060275E-002  0.23884639042160719     
   5.1323184734487506E-002  0.23615513123769769     
   3.8133079128923802E-002  0.23280332939232895     
   2.4828304518607621E-002  0.22875147062278087     
   1.1443068873702536E-002  0.22395829744023096     
  -1.9822259736481328E-003  0.21838110461438900     
  -1.5400007809496635E-002  0.21197620608161191     
  -2.8754462475548227E-002  0.20469962921194743     
  -4.1980393034104842E-002  0.19650810436955032     
  -5.5002059304928956E-002  0.18736042868930614     
  -6.7732081683667039E-002  0.17721928975811493     
  -8.0070539524421419E-002  0.16605363205249682     
  -9.1904452648320381E-002  0.15384162842159382     
 -0.10310790034419655       0.14057426974188061     
 -0.11354309383211042       0.12625949593781796     
 -0.12306275318624513       0.11092665159909340     
 -0.13151411384416217        9.4630861168144176E-002
 -0.13874475955004476        7.7456706402179665E-002
 -0.14461021465328952        5.9520409930579117E-002
 -0.14898283165572018        4.0969673213982899E-002
 -0.15176104856878364        2.1980482952721408E-002
 -0.15287771003043132        2.7506394301700611E-003
 -0.15230602902673940       -1.6509581453187316E-002
 -0.15006204210949337       -3.5588528680663208E-002
 -0.14620305909535702       -5.4284465427238124E-002
 -0.14082243024226668       -7.2415422675789515E-002
 -0.13404166143018240       -8.9826382926977796E-002
 -0.12600127277361839      -0.10639322431776543     
 -0.11685175788117171      -0.12202353932422839     
 -0.10674566370824688      -0.13665493748455484     
  -9.5831354397684351E-002 -0.15025166514613561     
  -8.4248604520897913E-002 -0.16280036099435410     
  -7.2125873081145070E-002 -0.17430560699695030     
  -5.9578954069491916E-002 -0.18478572471974791     
  -4.6710654349426936E-002 -0.19426907155184547     
  -3.3611174011245845E-002 -0.20279094086521182     
  -2.0358921738645674E-002 -0.21039107015520744     
  -7.0215633100872742E-003 -0.21711170418220693     
   6.3428386148621264E-003 -0.22299613417184336     
   1.9684686488563922E-002 -0.22808762797887772     
   3.2961768084162679E-002 -0.23242867108637344     
   4.6138265481611249E-002 -0.23606044849402433     
   5.9183866064346655E-002 -0.23902250933419947     
   7.2072977769850999E-002 -0.24135256745799252     
   8.4784044309623038E-002 -0.24308640132128403     
   9.7298952555678844E-002 -0.24425782495636483     
  0.10960252272000265      -0.24489870865428887     
  0.12168207158784201      -0.24503903337912927     
  0.13352703940407334      -0.24470696711501780     
  0.14512867172635224      -0.24392895453934060     
  0.15647974844220985      -0.24272981382680869     
  0.16757435307370497      -0.24113283619346865     
  0.17840767639010779      -0.23915988512865219     
  0.18897584917796362      -0.23683149324855129     
  0.19927579976161258      -0.23416695542482294     
  0.20930513252143182      -0.23118441736240172     
  0.21906202422459498      -0.22790095917351308     
  0.22854513547069610      -0.22433267375823385     
  0.23775353497051763      -0.22049473998474836     
  0.24668663472930621      -0.21640149078630208     
  0.25534413450462018      -0.21206647637284914     
  0.26372597416091947      -0.20750252280546036     
  0.27183229275554371      -0.20272178620953027     
  0.27966339336965540      -0.19773580291520051     
  0.28721971284837033      -0.19255553581497481     
  0.29450179574114832      -0.18719141722272759     
  0.30151027184038209      -0.18165338850773760     
  0.30824583680621775      -0.17595093676383833     
  0.31470923544166846      -0.17009312875857643     
  0.32090124724631336      -0.16408864239133114     
  0.32682267393120235      -0.15794579587331345     
  0.33247432862360499      -0.15167257482667124     
  0.33785702652927485      -0.14527665748486016     
  0.34297157685305935      -0.13876543816218120     
  0.34781877580689996      -0.13214604914703407     
  0.35239940055831426      -0.12542538116103943     
  0.35671420399298104      -0.11861010251475150     
  0.36076391018261045      -0.11170667708019920     
  0.36454921046432870      -0.10472138119092714     
  0.36807076005072981       -9.7660319571512638E-002
  0.37132917510086755       -9.0529440390664462E-002
  0.37432503019205571       -8.3334549524910984E-002
  0.37705885614064383       -7.6081324113509388E-002
  0.37953113812713740       -6.8775325479503463E-002
  0.38174231408730164       -6.1422011486778685E-002
  0.38369277333637053       -5.4026748398465746E-002
  0.38538285539829908       -4.6594822298087167E-002
  0.38681284901625290       -3.9131450131390293E-002
  0.38798299132431480       -3.1641790423831029E-002
  0.38889346716378520       -2.4130953726138195E-002
  0.38954440853052824       -1.6604012838273702E-002
  0.38993589414263397       -9.0660128603886059E-003
  0.39006794912028253       -1.5219811180424859E-003
  0.38994054477216122        6.0230629920093436E-003
  0.38955359848514637        1.3564098189759075E-002
  0.38890697371626548        2.1096091488166855E-002
  0.38800048008824378        2.8613988312101643E-002
  0.38683387359225707        3.6112702513988938E-002
  0.38540685690390464        4.3587106239337078E-002
  0.38371907982092673        5.1032019594132769E-002
  0.38177013983387081        5.8442200064537125E-002
  0.37955958284381131        6.5812331637360139E-002
  0.37708690404440903        7.3137013567424566E-002
  0.37435154898912232        8.0410748735126242E-002
  0.37135291486832617        8.7627931534229292E-002
  0.36809035202554419        9.4782835226170106E-002
  0.36456316574704595       0.10186959869284705     
  0.36077061836482227       0.10888221251500407     
  0.35671193171955468       0.11581450429783130     
  0.35238629003779465       0.12266012315925624     
  0.34779284328634413       0.12941252328953423     
  0.34293071107699274       0.13606494648311165     
  0.33779898720656837       0.14261040353527529     
  0.33239674493099480       0.14904165438676004     
  0.32672304308807326       0.15535118688921262     
  0.32077693320243111       0.16153119405315577     
  0.31455746772801185       0.16757354962782955     
  0.30806370960920582       0.17346978184899120     
  0.30129474337195189       0.17921104517644321     
  0.29424968799172452       0.18478808982778955     
  0.28692771182726901       0.19019122889880927     
  0.27932804995847715       0.19541030284409044     
  0.27145002432535476       0.20043464107451325     
  0.26329306713436235       0.20525302041130553     
  0.25485674808059050       0.20985362012044834     
  0.24614080603174437       0.21422397323723211     
  0.23714518593572509       0.21835091388024289     
  0.22787008185123100       0.22222052024907232     
  0.21831598716443412       0.22581805300347788     
  0.20848375324933163       0.22912788873754311     
  0.19837465806057078       0.23213344829604149     
  0.18799048642202851       0.23481711973910682     
  0.17733362409973669       0.23716017585553265     
  0.16640716813225434       0.23914268626818963     
  0.15521505634429100       0.24074342438554433     
  0.14376221949939025       0.24193976975577400     
  0.13205476016311632       0.24270760680753181     
  0.12010016305539899       0.24302122155799066     
  0.10790754247041484       0.24285319869253572     
   9.5487933226272845E-002  0.24217432254767701     
   8.2854632550499491E-002  0.24095348705841679     
   7.0023601260248231E-002  0.23915762179001154     
   5.7013933465767636E-002  0.23675164392031936     
   4.3848404654563543E-002  0.23369844966527578     
   3.0554108146598181E-002  0.22995896336980001     
   1.7163189148723636E-002  0.22549226855915119     
   3.7136833757418206E-003  0.22025585288182500     
  -9.7495374368976526E-003  0.21420600820383667     
  -2.3173719070462298E-002  0.20729843804222431     
  -3.6497096908390696E-002  0.19948913651325634     
  -4.9647726994137269E-002  0.19073561468085279     
  -6.2542347099660736E-002  0.18099855898096615     
  -7.5085381183414623E-002  0.17024400767611381     
  -8.7168255347111867E-002  0.15844611787144083     
  -9.8669257862087065E-002  0.14559055743343544     
 -0.10945424113754829       0.13167848109095642     
 -0.11937851108250661       0.11673092706540679     
 -0.12829024860685662       0.10079329662602333     
 -0.13603571864351319        8.3939369382253701E-002
 -0.14246630537213203        6.6274107609666899E-002
 -0.14744705522276502        4.7934394113094470E-002
 -0.15086595578736903        2.9086930230401004E-002
 -0.15264275028272745        9.9228685810491494E-003
 -0.15273586216762478       -9.3506444588525896E-003
 -0.15114614249508801       -2.8521132843284520E-002
 -0.14791669061244456       -4.7382205324539260E-002
 -0.14312879338126838       -6.5744060461317824E-002
 -0.13689480514430064       -8.3441675424813608E-002
 -0.12934928590292016      -0.10033987112426625     
 -0.12063980700385442      -0.11633515065196946     
 -0.11091857841158653      -0.13135478162797201     
 -0.10033561569634936      -0.14535390820187180     
  -8.9033721520962533E-002 -0.15831153523708055     
  -7.7145216943200076E-002 -0.17022610586849446     
  -6.4790157898432885E-002 -0.18111119271282872     
  -5.2075694535581821E-002 -0.19099161855886210     
  -3.9096236408770212E-002 -0.19990015570845446     
  -2.5934135838878179E-002 -0.20787483691270678     
  -1.2660666253099070E-002 -0.21495684075309843     
   6.6286513860334051E-004 -0.22118887924186148     
   1.3983978347097326E-002 -0.22661400362016107     
   2.7257922810643393E-002 -0.23127474622718844     
   4.0446659142329720E-002 -0.23521252512163757     
   5.3517938843752805E-002 -0.23846724956406687     
   6.6444487522615975E-002 -0.24107707605971204     
   7.9203289294915727E-002 -0.24307827518444694     
   9.1774965638894854E-002 -0.24450517838328970     
  0.10414323981699014      -0.24539018126643353     
  0.11629447725570752      -0.24576378576298011     
  0.12821729239907392      -0.24565466804104433     
  0.13990221315026830      -0.24508976259465751     
  0.15134139484563897      -0.24409435554650280     
  0.16252837661573744      -0.24269218220488964     
  0.17345787389092057      -0.24090552539487473     
  0.18412560165595657      -0.23875531217799409     
  0.19452812382541385      -0.23626120737735606     
  0.20466272479116907      -0.23344170290789970     
  0.21452729978578464      -0.23031420233120631     
  0.22412026121625533      -0.22689510035258956     
  0.23344045855950424      -0.22319985718706312     
  0.24248710978260971      -0.21924306786399891     
  0.25125974256557654      -0.21503852663560183     
  0.25975814387048080      -0.21059928671493694     
  0.26798231662519517      -0.20593771560493443     
  0.27593244247896787      -0.20106554629778489     
  0.28360884974636835      -0.19599392462973736     
  0.29101198579023768      -0.19073345307341541     
  0.29814239320728858      -0.18529423124121122     
  0.30500068927528073      -0.17968589336115673     
  0.31158754820109869      -0.17391764297238343     
  0.31790368577697908      -0.16799828507191633     
  0.32394984610957694      -0.16193625592883981     
  0.32972679013520662      -0.15573965076633012     
  0.33523528567584848      -0.14941624949700846     
  0.34047609882555091      -0.14297354068274884     
  0.34544998648666275      -0.13641874387660399     
  0.35015768990072799      -0.12975883049196063     
  0.35459992904054888      -0.12300054333242427     
  0.35877739774845718      -0.11615041490526069     
  0.36269075952170893      -0.10921478463145842     
  0.36634064385954446      -0.10219981505658828     
  0.36972764309817757       -9.5111507158575567E-002
  0.37285230967008298       -8.7955714841220237E-002
  0.37571515373268788       -8.0738158695749088E-002
  0.37831664111914565       -7.3464439106814661E-002
  0.38065719157045808       -6.6140048774119151E-002
  0.38273717721396328       -5.8770384716195730E-002
  0.38455692125825175       -5.1360759818783297E-002
  0.38611669687902173       -4.3916413986646523E-002
  0.38741672627433288       -3.6442524954588787E-002
  0.38845717987124823       -2.8944218810751661E-002
  0.38923817566904023       -2.1426580283066023E-002
  0.38975977870704348       -1.3894662837895205E-002
  0.39002200064792020       -6.3534986384721857E-003
  0.39002479946962049        1.1918915903331188E-003
  0.38976807926171231        8.7364887450843056E-003
  0.38925169012407662        1.6275265529203012E-002
  0.38847542816825098        2.3803176595260184E-002
  0.38743903562400689        3.1315148598290515E-002
  0.38614220105610464        3.8806070113573891E-002
  0.38458455969862981        4.6270781371251214E-002
  0.38276569391692639        5.3704063758690523E-002
  0.38068513380995311        6.1100629039678202E-002
  0.37834235796895960        6.8455108237260434E-002
  0.37573679441176927        7.5762040124379620E-002
  0.37286782171573724        8.3015859263312161E-002
  0.36973477037670449        9.0210883531287700E-002
  0.36633692442608651        9.7341301065519775E-002
  0.36267352334372222       0.10440115655616504     
  0.35874376431039134       0.11138433681040910     
  0.35454680485113116       0.11828455550490366     
  0.35008176592881557       0.12509533703710080     
  0.34534773555710446       0.13180999937859131     
  0.34034377301306151       0.13842163582529804     
  0.33506891374275805       0.14492309553024532     
  0.32952217506836040       0.15130696269456528     
  0.32370256282293192       0.15756553428136083     
  0.31760907905994118       0.16369079610498113     
  0.31124073100881361       0.16967439713515334     
  0.30459654147646525       0.17550762184125221     
  0.29767556092841385       0.18118136038681365     
  0.29047688152273121       0.18668607646829855     
  0.28299965341692784       0.19201177257525645     
  0.27524310372321747       0.19714795243169955     
  0.26720655855313763       0.20208358036110186     
  0.25888946867017165       0.20680703730062133     
  0.25029143936117676       0.21130607317482511     
  0.24141226524688195       0.21556775532669201     
  0.23225197088182345       0.21957841269582043     
  0.22281085814880378       0.22332357543315465     
  0.21308956163697934       0.22678790965171325     
  0.20308911341149913       0.22995514703864223     
  0.19281101884261015       0.23280800910209468     
  0.18225734547062075       0.23532812590604038     
  0.17143082724826603       0.23749594926944578     
  0.16033498693278264       0.23929066058997345     
  0.14897427990565709       0.24069007371882373     
  0.13735426328746111       0.24167053369260413     
  0.12548179489562394       0.24220681266022365     
  0.11336526736766916       0.24227200508091559     
  0.10101488363704667       0.24183742528356858     
   8.8442980885546876E-002  0.24087251185882477     
   7.5664411065404516E-002  0.23934474522126517     
   6.2696987009630611E-002  0.23721958717769676     
   4.9562003898645318E-002  0.23446045465144666     
   3.6284846206979957E-002  0.23102874405724158     
   2.2895689870510983E-002  0.22688392843573410     
   9.4303077639837276E-003  0.22198375657658223     
  -4.0690171221668282E-003  0.21628459215875609     
  -1.7552473285340205E-002  0.20974194142122343     
  -3.0961611137517640E-002  0.20231122969205523     
  -4.4228174516771343E-002  0.19394889922987654     
  -5.7272932709112566E-002  0.18461391112773942     
  -7.0004610755053862E-002  0.17426973862401257     
  -8.2319066662790999E-002  0.16288693177622232     
  -9.4098926241967973E-002  0.15044630492113409     
 -0.10521395317537716       0.13694273697902953     
 -0.11552248866109964       0.12238946847095250     
 -0.12487431491442105       0.10682262125805443     
 -0.13311524206136999        9.0305465292093226E-002
 -0.14009354703434285        7.2931745636329648E-002
 -0.14566808089692745        5.4827232309324611E-002
 -0.14971742925187237        3.6148662540940721E-002
 -0.15214905445690100        1.7079500117291476E-002
 -0.15290703380533016       -2.1775375100922222E-003
 -0.15197701212150960       -2.1410536442372608E-002
 -0.14938739867894063       -4.0409731924156582E-002
 -0.14520657376430668       -5.8978500009858909E-002
 -0.13953668622912518       -7.6942456085306143E-002
 -0.13250523498043687       -9.4155627123033478E-002
 -0.12425585584966072      -0.11050336244008502     
 -0.11493958126822931      -0.12590228505238901     
 -0.10470744465513476      -0.14029799257284381     
  -9.3704845355502372E-002 -0.15366135355261509     
  -8.2067709128198676E-002 -0.16598417278862515     
  -6.9920232934593513E-002 -0.17727481556878702     
  -5.7373888041738118E-002 -0.18755417202840857     
  -4.4527337395730303E-002 -0.19685216146912238     
  -3.1466961221026851E-002 -0.20520484360059987     
  -1.8267746273535390E-002 -0.21265211931372183     
  -4.9943583235757538E-003 -0.21923595812912586     
   8.2977263749783800E-003 -0.22499907097205316     
   2.1561110453686784E-002 -0.22998394499270691     
   3.4755432763949219E-002 -0.23423216409990003     
   4.7846418073490306E-002 -0.23778394966028774     
   6.0805028524671782E-002 -0.24067786744448952     
   7.3606716896720367E-002 -0.24295065779438157     
   8.6230776275915605E-002 -0.24463715544604575     
   9.8659777913247607E-002 -0.24577027328161660     
  0.11087908789706007      -0.24638103057593744     
  0.12287645313742807      -0.24649861124283576     
  0.13464164761359504      -0.24615044139785425     
  0.14616617059311479      -0.24536227845874775     
  0.15744298941432935      -0.24415830619509754     
  0.16846632032603046      -0.24256123177518132     
  0.17923144173929556      -0.24059238207178127     
  0.18973453503560236      -0.23827179738138893     
  0.19997254877957332      -0.23561832136274016     
  0.20994308280201349      -0.23264968647168471     
  0.21964428915324891      -0.22938259450632298     
  0.22907478738518697      -0.22583279211403531     
  0.23823359201129754      -0.22201514127668773     
  0.24712005032533910      -0.21794368490150770     
  0.25573378904020388      -0.21363170771746900     
  0.26407466844510807      -0.20909179272133183     
  0.27214274297906149      -0.20433587344176196     
  0.27993822728683321      -0.19937528230010679     
  0.28746146696541247      -0.19422079534677197     
  0.29471291332844712      -0.18888267364589251     
  0.30169310161688950      -0.18337070157042862     
  0.30840263216909647      -0.17769422225660575     
  0.31484215413544347      -0.17186217045194666     
  0.32101235138324197      -0.16588310297585304     
  0.32691393028917171      -0.15976522699636880     
  0.33254760916003989      -0.15351642631179144     
  0.33791410905970148      -0.14714428581145386     
  0.34301414585146156      -0.14065611427643598     
  0.34784842329210008      -0.13405896566827555     
  0.35241762703654300      -0.12735965904197166     
  0.35672241943176353      -0.12056479720871924     
  0.36076343499524577      -0.11368078426386150     
  0.36454127648771339      -0.10671384208646872     
  0.36805651150218011       -9.9670025908704094E-002
  0.37130966950202526       -9.2555239045674864E-002
  0.37430123924999387       -8.5375246869742127E-002
  0.37703166657798576       -7.8135690107225750E-002
  0.37950135245442151       -7.0842097530047415E-002
  0.38171065131200810       -6.3499898110059252E-002
  0.38365986960401494       -5.6114432699567666E-002
  0.38534926456182383       -4.8690965297844432E-002
  0.38677904313063688       -4.1234693960186038E-002
  0.38794936106390043       -3.3750761403308009E-002
  0.38886032216030852       -2.6244265358517482E-002
  0.38951197763025036       -1.8720268722172306E-002
  0.38990432558132732       -1.1183809551390157E-002
  0.39003731061513497       -3.6399109518017022E-003
  0.38991082352994000        3.9064090966634130E-003
  0.38952470112622223        1.1450127930417662E-002
  0.38887872611434721        1.8986208363839786E-002
  0.38797262712592567        2.6509588776182095E-002
  0.38680607883274759        3.4015173077450056E-002
  0.38537870217959519        4.1497820505970812E-002
  0.38369006473978778        4.8952335209022979E-002
  0.38173968120504115        5.6373455556170189E-002
  0.37952701402419170        6.3755843132807369E-002
  0.37705147420859880        7.1094071358870511E-002
  0.37431242232566675        7.8382613674651366E-002
  0.37130916970599820        8.5615831232168774E-002
  0.36804097989428897        9.2787960026543492E-002
  0.36450707037930469        9.9893097397265249E-002
  0.36070661464425874       0.10692518782408607     
  0.35663874458577616       0.11387800793647554     
  0.35230255335754179       0.12074515064908051     
  0.34769709870388255       0.12752000832838850     
  0.34282140685914597       0.13419575488774388     
  0.33767447710107740       0.14076532669894906     
  0.33225528706077795       0.14722140219884167     
  0.32656279890861972       0.15355638005841654     
  0.32059596655514644       0.15976235577021236     
  0.31435374402902705       0.16583109649676911     
  0.30783509522118768       0.17175401400897305     
  0.30103900521607996       0.17752213552805587     
  0.29396449346855380       0.18312607226896988     
  0.28661062912907187       0.18855598546595378     
  0.27897654887232676       0.19380154964356128     
  0.27106147764625260       0.19885191287860951     
  0.26286475283181931       0.20369565378096527     
  0.25438585239108435       0.20832073490462735     
  0.24562442768441434       0.21271445228634084     
  0.23658034176074777       0.21686338079862941     
  0.22725371407102327       0.22075331499994472     
  0.21764497272890862       0.22436920516978426     
  0.20775491564998716       0.22769508823549592     
  0.19758478214671193       0.23071401333606681     
  0.18713633684878106       0.23340796183466392     
  0.17641196816510391       0.23575776169717011     
  0.16541480391303334       0.23774299631348425     
  0.15414884722238786       0.23934190807222150     
  0.14261913638528145       0.24053129733492060     
  0.13083193297607898       0.24128641792940214     
  0.11879494331404641       0.24158087094202965     
  0.10651757918350532       0.24138649949938548     
   9.4011264650496071E-002  0.24067328847519623     
   8.1289796790234070E-002  0.23940927474679055     
   6.8369769104392547E-002  0.23756047589512383     
   5.5271067251238766E-002  0.23509084826528681     
   4.2017447249855719E-002  0.23196228928691337     
   2.8637206254933430E-002  0.22813470413118817     
   1.5163954870376872E-002  0.22356616339720417     
   1.6374970877217078E-003  0.21821318678268831     
  -1.1895181700856806E-002  0.21203119768460388     
  -2.5378827944667542E-002  0.20497520519135592     
  -3.8748759512230287E-002  0.19700078221944209     
  -5.1929680625544899E-002  0.18806541990899844     
  -6.4834555644137676E-002  0.17813034560162477     
  -7.7363671980063303E-002  0.16716288935931972     
  -8.9404081393150314E-002  0.15513946383349025     
 -0.10082967571898503       0.14204917333341399     
 -0.11150221595483671       0.12789797779526571     
 -0.12127367001479061       0.11271319652315072     
 -0.12999018969521126        9.6547946646227636E-002
 -0.13749792945674613        7.9484896563079360E-002
 -0.14365064482746182        6.1638533058629021E-002
 -0.14831860896998419        4.3155083046333517E-002
 -0.15139792148313583        2.4209395736417044E-002
 -0.15281889983290153        4.9985312851545298E-003
 -0.15255212469457238       -1.4267537650769864E-002
 -0.15061098585717561       -3.3377010622099475E-002
 -0.14705022349225286       -5.2127557640090597E-002
 -0.14196078159890801       -7.0336205922135589E-002
 -0.13546199782231350       -8.7846578526923375E-002
 -0.12769251916686652      -0.10453291044684475     
 -0.11880129662234061      -0.12030094931196193     
 -0.10893967736164803      -0.13508634194776090     
  -9.8255159839587589E-002 -0.14885133211298587     
  -8.6886961635933110E-002 -0.16158058247216572     
  -7.4963257023168833E-002 -0.17327677738250752     
  -6.2599785575791558E-002 -0.18395645589631793     
  -4.9899487168576832E-002 -0.19364633079958704     
  -3.6952841760308504E-002 -0.20238020002896312     
  -2.3838648469698510E-002 -0.21019645717960708     
  -1.0625042975986404E-002 -0.21713615067274988     
   2.6293884470499269E-003 -0.22324151482142460     
   1.5874491640234502E-002 -0.22855488942399613     
   2.9067481010505016E-002 -0.23311794903673858     
   4.2171960946048803E-002 -0.23697117287504849     
   5.5157046089290063E-002 -0.24015349777168249     
   6.7996583319003864E-002 -0.24270210779405718     
   8.0668471687816545E-002 -0.24465232404539364     
   9.3154072959025974E-002 -0.24603756651682906     
  0.10543770373561334      -0.24688936662308880     
  0.11750619973698878      -0.24723741440443203     
  0.12934854305594645      -0.24710962853115326     
  0.14095554389184012      -0.24653224042661945     
  0.15231956909805286      -0.24552988623206601     
  0.16343431077520632      -0.24412570214203763     
  0.17429458901230965      -0.24234141998277850     
  0.18489618368651101      -0.24019746089771737     
  0.19523569096001817      -0.23771302573075526     
  0.20531040075476403      -0.23490618122576326     
  0.21511819204360469      -0.23179394154015606     
  0.22465744327730783      -0.22839234483992166     
  0.23392695567717420      -0.22471652493187516     
  0.24292588747220822      -0.22078077801774304     
  0.25165369745547028      -0.21659862474007571     
  0.26011009648415329      -0.21218286774390308     
  0.26829500575880089      -0.20754564500936443     
  0.27620852089487130      -0.20269847922581727     
  0.28385088094969357      -0.19765232348198475     
  0.29122244169416850      -0.19241760354307771     
  0.29832365252507836      -0.18700425697710291     
  0.30515503650375431      -0.18142176938061516     
  0.31171717308277197      -0.17567920794033054     
  0.31801068314654463      -0.16978525255224605     
  0.32403621604603428      -0.16374822470487860     
  0.32979443835387789      -0.15757611431840191     
  0.33528602410534319      -0.15127660471713233     
  0.34051164632378683      -0.14485709589918963     
  0.34547196965761112      -0.13832472625435260     
  0.35016764397987366      -0.13168639286920389     
  0.35459929882234709      -0.12494877054763184     
  0.35876753853349658      -0.11811832966462475     
  0.36267293806499573      -0.11120135296202832     
  0.36631603930442530      -0.10420395138650536     
  0.36969734788301378       -9.7132079062293833E-002
  0.37281733039696158       -8.9991547484460213E-002
  0.37567641198927060       -8.2788039012142101E-002
  0.37827497424627599       -7.5527119735721779E-002
  0.38061335336941521       -6.8214251786926597E-002
  0.38269183858831157       -6.0854805156472014E-002
  0.38451067078612011       -5.3454069080010755E-002
  0.38607004131238698       -4.6017263049792818E-002
  0.38737009096250102       -3.8549547506545427E-002
  0.38841090910624815       -3.1056034263622630E-002
  0.38919253295108475       -2.3541796713428383E-002
  0.38971494692858849       -1.6011879864464978E-002
  0.38997808219517938       -8.4713102560853171E-003
  0.38998181624068223       -9.2510579712052937E-004
  0.38972597260067110        6.6217144259944618E-003
  0.38921032067084244        1.4164120326170704E-002
  0.38843457562395034        2.1697060932107711E-002
  0.38739839843214752        2.9215454398136460E-002
  0.38610139599995491        3.6714177860501462E-002
  0.38454312141557490        4.4188057091882629E-002
  0.38272307433091979        5.1631855904337928E-002
  0.38064070148359830        5.9040265248829570E-002
  0.37829539737724877        6.6407891957058929E-002
  0.37568650514009239        7.3729247068453782E-002
  0.37281331758547703        8.0998733681796775E-002
  0.36967507850257597        8.8210634267122820E-002
  0.36627098421039261        9.5359097369108081E-002
  0.36260018541391442       0.10243812362818137     
  0.35866178940778715       0.10944155103996422     
  0.35445486268039672       0.11636303936733709     
  0.34997843397993161       0.12319605361238163     
  0.34523149791406316       0.12993384644760445     
  0.34021301916657742       0.13656943949714603     
  0.33492193742791571       0.14309560334905919     
  0.32935717315248375       0.14950483616914448     
  0.32351763427419278       0.15578934077520401     
  0.31740222403349688       0.16194100001787481     
  0.31100985009478882       0.16795135030040423     
  0.30433943516312156       0.17381155305483403     
  0.29738992934468927       0.17951236397610859     
  0.29016032453735030       0.18504409979871805     
  0.28264967118692735       0.19039660238281483     
  0.27485709780354473       0.19555919985860645     
  0.26678183370161374       0.20052066455969969     
  0.25842323550936003       0.20526916745865059     
  0.24978081809151728       0.20979222880227621     
  0.24085429064499689       0.21407666463175395     
  0.23164359886556168       0.21810852886520654     
  0.22214897424803298       0.22187305062117918     
  0.21237099177835256       0.22535456647407628     
  0.20231063750877307       0.22853644736262210     
  0.19196938778435579       0.23140101992710044     
  0.18134930221756471       0.23392948214053669     
  0.17045313289671166       0.23610181323670154     
  0.15928445277266820       0.23789667814221072     
  0.14784780670617639       0.23929132691579963     
  0.13614888928415744       0.24026149011821726     
  0.12419475423429424       0.24078127162532548     
  0.11199406108466130       0.24082304121350764     
   9.9557365622006955E-002  0.24035733036741685     
   8.6897461675367521E-002  0.23935273628560738     
   7.4029782741756367E-002  0.23777584111807487     
   6.0972872886626492E-002  0.23559115622236473     
   4.7748937037517612E-002  0.23276110486813342     
   3.4384480990175229E-002  0.22924606158263836     
   2.0911050762856678E-002  0.22500447245860430     
   7.3660787600166406E-003  0.21999308847143709     
  -6.2061603487286593E-003  0.21416735331627298     
  -1.9753489320558724E-002  0.20748199839717951     
  -3.3214682405399723E-002  0.19989190985476590     
  -4.6518273546293995E-002  0.19135334457583489     
  -5.9581389240562305E-002  0.18182558134323409     
  -7.2308719265886487E-002  0.17127309503450655     
  -8.4591793797152232E-002  0.15966832880399412     
  -9.6308800797835062E-002  0.14699510128969437     
 -0.10732524406410093       0.13325261077712852     
 -0.11749579124343140       0.11845987469546826     
 -0.12666766168491458       0.10266026747421486     
 -0.13468581527439014        8.5925608014362193E-002
 -0.14139998627971853        6.8359045832201912E-002
 -0.14667324733259193        5.0095883656848597E-002
 -0.15039133229605295        3.1301554947325262E-002
 -0.15247151506961254        1.2166323044693577E-002
 -0.15286961390676576       -7.1031291845956241E-003
 -0.15158382770486850       -2.6294339226580823E-002
 -0.14865464866348790       -4.5200479749883317E-002
 -0.14416089033125837       -6.3630888533957167E-002
 -0.13821264695731150       -8.1419305059581754E-002
 -0.13094249542605726       -9.8429002373253166E-002
 -0.12249634412947749      -0.11455470489733745     
 -0.11302508048789518      -0.12972175479384407     
 -0.10267773612618618      -0.14388330460253559     
  -9.1596448200075800E-002 -0.15701637219665965     
  -7.9913157551619166E-002 -0.16911747528372278     
  -6.7747784725647103E-002 -0.18019836438802564     
  -5.5207546467983440E-002 -0.19028217088763535     
  -4.2387079414133291E-002 -0.19940012132054744     
  -2.9369085661618326E-002 -0.20758885350529971     
  -1.6225278268953761E-002 -0.21488829994193911     
  -3.0174664230712936E-003 -0.22134006858145711     
   1.0201327917516002E-002 -0.22698623881809785     
   2.3385789919604771E-002 -0.23186849199917275     
   3.6497307285445278E-002 -0.23602750414949961     
   4.9503060265426224E-002 -0.23950253970322172     
   6.2375212437284798E-002 -0.24233119637288811     
   7.5090200488177508E-002 -0.24454926162374621     
   8.7628116740035761E-002 -0.24619065005889809     
   9.9972175925938836E-002 -0.24728739827055182     
  0.11210825692437981      -0.24786969949334908     
  0.12402451021937660      -0.24796596491211298     
  0.13571102239916760      -0.24760290195125878     
  0.14715952979152316      -0.24680560251494738     
  0.15836317420851087      -0.24559763613606772     
  0.16931629464823117      -0.24400114447711715     
  0.18001424962576354      -0.24203693472621188     
  0.19045326555566996      -0.23972457024034202     
  0.20063030727465048      -0.23708245737790828     
  0.21054296737514966      -0.23412792788886141     
  0.22018937152367987      -0.23087731653538687     
  0.22956809736861081      -0.22734603383069274     
  0.23867810500933909      -0.22354863393182467     
  0.24751867731026908      -0.21949887782230834     
  0.25608936860659842      -0.21520979198503518     
  0.26438996057148284      -0.21069372280498666     
  0.27242042420192325      -0.20596238696240640     
  0.28018088703904054      -0.20102691808524373     
  0.28767160487189258      -0.19589790992904818     
  0.29489293728657529      -0.19058545634587615     
  0.30184532651736679      -0.18509918829327446     
  0.30852927913693085      -0.17944830812154647     
  0.31494535019045378      -0.17364162136336581     
  0.32109412943603288      -0.16768756623514747     
  0.32697622940232379      -0.16159424104494535     
  0.33259227501578165      -0.15536942968738071     
  0.33794289458496135      -0.14902062539245239     
  0.34302871195925011      -0.14255505288218284     
  0.34785033970491031      -0.13597968907699526     
  0.35240837316309576      -0.12930128248253314     
  0.35670338527314610      -0.12252637137732714     
  0.36073592206044514      -0.11566130091227042     
  0.36450649870185631      -0.10871223922425066     
  0.36801559609356460      -0.10168519265846573     
  0.37126365785634896       -9.4586020186877881E-002
  0.37425108772212690       -8.7420447103891824E-002
  0.37697824725326123       -8.0194078074631012E-002
  0.37944545385277495       -7.2912409606089537E-002
  0.38165297902943335       -6.5580842006913956E-002
  0.38360104688675306       -5.8204690897581166E-002
  0.38528983280949480       -5.0789198329251016E-002
  0.38671946232518811       -4.3339543566554353E-002
  0.38789001012180374       -3.5860853587001133E-002
  0.38880149920590668       -2.8358213347535480E-002
  0.38945390018855464       -2.0836675867004977E-002
  0.38984713068891130       -1.3301272171933588E-002
  0.38998105484807327       -5.7570211519786130E-003
  0.38985548294801337        1.7910606291972567E-003
  0.38947017113286625        9.3379491222032995E-003
  0.38882482123207091        1.6878602933856068E-002
  0.38791908068717906        2.4407953376872366E-002
  0.38675254258648667        3.1920894380653278E-002
  0.38532474581408854        3.9412272215360304E-002
  0.38363517532254549        4.6876874979974260E-002
  0.38168326254113655        5.4309421803123356E-002
  0.37946838593470572        6.1704551703148820E-002
  0.37698987173146253        6.9056812051121005E-002
  0.37424699484183199        7.6360646577297686E-002
  0.37123897999464905        8.3610382857797233E-002
  0.36796500312175084        9.0800219214005398E-002
  0.36442419302744045        9.7924210952404112E-002
  0.36061563338550484       0.10497625586705810     
  0.35653836511361053       0.11195007892086979     
  0.35219138918314336       0.11883921601486010     
  0.34757366993210631       0.12563699674709375     
  0.34268413895977468       0.13233652605438265     
  0.33752169969471496       0.13893066462050477     
  0.33208523274283341       0.14541200792431039     
  0.32637360213972966       0.15177286378969085     
  0.32038566265226048       0.15800522828690999     
  0.31412026829843354       0.16410075982120795     
  0.30757628228322087       0.17005075122986898     
  0.30075258858141529       0.17584609969312212     
  0.29364810543820913       0.18147727424738849     
  0.28626180110491156       0.18693428067165241     
  0.27859271218252096       0.19220662349936554     
  0.27063996501139098       0.19728326488969783     
  0.26240280062296284       0.20215258007372847     
  0.25388060386186195       0.20680230907421404     
  0.24507293739642047       0.21121950438315187     
  0.23597958146628656       0.21539047427127869     
  0.22660058037124942       0.21930072140042989     
  0.21693629689052360       0.22293487641683424     
  0.20698747604210574       0.22627662622575775     
  0.19675531985397077       0.22930863669205229     
  0.18624157513031153       0.23201246958613628     
  0.17544863656519399       0.23436849371300675     
  0.16437966799215478       0.23635579033966578     
  0.15303874507110793       0.23795205329625604     
  0.14143102331288063       0.23913348449834751     
  0.12956293603461944       0.23987468616245997     
  0.11744242763027882       0.24014855171755664     
  0.10507922842610749       0.23992615842250423     
   9.2485178355002501E-002  0.23917666607560784     
   7.9674607687166721E-002  0.23786722806624011     
   6.6664784023173412E-002  0.23596292352089923     
   5.3476435558464840E-002  0.23342672262255859     
   4.0134361048512569E-002  0.23021950155340398     
   2.6668136596169713E-002  0.22630012917279591     
   1.3112927816822400E-002  0.22162565473911244     
  -4.8958767516050269E-004  0.21615163490200145     
  -1.4090189302159000E-002  0.20983264884872715     
  -2.7630987432424692E-002  0.20262306254440174     
  -4.1044233733985767E-002  0.19447811545253749     
  -5.4251126812721533E-002  0.18535541382022497     
  -6.7160710589558664E-002  0.17521691967034389     
  -7.9669014218349085E-002  0.16403151772499147     
  -9.1658645230470681E-002  0.15177821432071795     
 -0.10299911559880805       0.13844996110594796     
 -0.11354823846344510       0.12405798971775837     
 -0.12315495454979765       0.10863638465147345     
 -0.13166389346944349        9.2246417873880091E-002
 -0.13892180416161545        7.4979955121554226E-002
 -0.14478567521702260        5.6961090469230757E-002
 -0.14913193143669709        3.8345170923002624E-002
 -0.15186563381203474        1.9314627545459814E-002
 -0.15292829274807118        7.1556943473750369E-005
 -0.15230290709693436       -1.9172303514391396E-002
 -0.15001525267974311       -3.8206913066198625E-002
 -0.14613117947451970       -5.6834935735925247E-002
 -0.14075049255456465       -7.4880879039672971E-002
 -0.13399860339743688       -9.2197327000298868E-002
 -0.12601736746855718      -0.10866792669506035     
 -0.11695637214116165      -0.12420742286398841     
 -0.10696554662844242      -0.13875944131874107     
  -9.6189512621079984E-002 -0.15229285990213620     
  -8.4763715578471080E-002 -0.16479753566108030     
  -7.2812131115136791E-002 -0.17627997601392162     
  -6.0446225758711149E-002 -0.18675933520463187     
  -4.7764832181223890E-002 -0.19626393758148317     
  -3.4854635672496262E-002 -0.20482839713432027     
  -2.1791028875416216E-002 -0.21249131854564884     
  -8.6391549991338742E-003 -0.21929351932964491     
   4.5449847455770248E-003 -0.22527669373401993     
   1.7713439716126191E-002 -0.23048243669188492     
   3.0825282137737574E-002 -0.23495155263457793     
   4.3845668188646388E-002 -0.23872358440464672     
   5.6744997910940037E-002 -0.24183650885862809     
   6.9498174567928256E-002 -0.24432655643581536     
   8.2083958551441863E-002 -0.24622812128324886     
   9.4484408035622955E-002 -0.24757373626684853     
  0.10668439734483579      -0.24839409342726443     
  0.11867120380480690      -0.24871809533902597     
  0.13043415424328042      -0.24857292662209282     
  0.14196432301646381      -0.24798413774952766     
  0.15325427428224994      -0.24697573548270610     
  0.16429784211291937      -0.24557027590453911     
  0.17508994287714547      -0.24378895723964747     
  0.18562641509148636      -0.24165171054946130     
  0.19590388263127154      -0.23917728704844329     
  0.20591963779692940      -0.23638334126542646     
  0.21567154125760388      -0.23328650961737105     
  0.22515793634583037      -0.22990248420642323     
  0.23437757556291833      -0.22624608182113151     
  0.24332955748263729      -0.22233130823861613     
  0.25201327251862077      -0.21817141800099707     
  0.26042835625574179      -0.21377896988733225     
  0.26857464924395891      -0.20916587832975808     
  0.27645216232036729      -0.20434346103541343     
  0.28406104666623960      -0.19932248307845518     
  0.29140156792482919      -0.19411319772225455     
  0.29847408380613627      -0.18872538422304652     
  0.30527902468966578      -0.18316838285459339     
  0.31181687680792597      -0.17745112738003932     
  0.31808816765412246      -0.17158217518294799     
  0.32409345330894973      -0.16556973525513818     
  0.32983330742504191      -0.15942169422478206     
  0.33530831164474945      -0.15314564059458716     
  0.34051904725849008      -0.14674888734692282     
  0.34546608793784611      -0.14023849306058087     
  0.35014999340057112      -0.13362128167253212     
  0.35457130388433566      -0.12690386100757123     
  0.35873053532289456      -0.12009264018912520     
  0.36262817513282930      -0.11319384603571184     
  0.36626467853146871      -0.10621353853953724     
  0.36964046531732619       -9.9157625516477998E-002
  0.37275591705367128       -9.2031876510158095E-002
  0.37561137460389493       -8.4841936026960732E-002
  0.37820713597432026       -7.7593336173566910E-002
  0.38054345442620957       -7.0291508763945312E-002
  0.38262053682406211       -6.2941796958593588E-002
  0.38443854219200108       -5.5549466495213702E-002
  0.38599758045421234       -4.8119716566863001E-002
  0.38729771133911067       -4.0657690400928870E-002
  0.38833894343024616       -3.3168485590004591E-002
  0.38912123334999282       -2.5657164223876011E-002
  0.38964448506484212       -1.8128762870345840E-002
  0.38990854930371233       -1.0588302451511033E-002
  0.38991322308312798       -3.0407980613587297E-003
