           1   1.38661325    
           6   1.46890807    
          11   1.46985507    
          16   1.46884394    
          21   1.47040999    
          26   1.46630979    
          31   1.46222234    
          36   1.46639419    
          41   1.46632111    
          46   1.46928668    
          51   1.46828699    
          56   1.46847343    
          61   1.46886551    
          66   1.46868467    
          71   1.46786046    
          76   1.46755075    
          81   1.47105694    
          86   1.46210611    
          91   1.46963096    
          96   1.46810782    
         101   1.46899557    
         106   1.46986723    
         111   1.46649897    
         116   1.46996665    
         121   1.46804643    
         126   1.46878111    
         131   1.46751380    
         136   1.46838570    
         141   1.46718442    
         146   1.47125900    
         151   1.46904087    
         156   1.46757507    
         161   1.46866632    
         166   1.46932864    
         171   1.46542323    
         176   1.46652079    
         181   1.46908307    
         186   1.46578526    
         191   1.46869636    
         196   1.46712208    
         201   1.46912193    
         206   1.46690130    
         211   1.47008276    
         216   1.46957183    
         221   1.46964979    
         226   1.47024155    
         231   1.46917367    
         236   1.47016871    
         241   1.46963882    
         246   1.46607721    
         251   1.46969628    
         256   1.46753812    
         261   1.46932745    
         266   1.46876121    
         271   1.46523082    
         276   1.46916139    
         281   1.46672964    
         286   1.46615458    
         291   1.46913004    
         296   1.47056210    
         301   1.46492314    
         306   1.47006786    
         311   1.47054482    
         316   1.46826839    
         321   1.46877158    
         326   1.46787763    
         331   1.46327889    
         336   1.46783149    
         341   1.46700513    
         346   1.46799183    
         351   1.46926308    
         356   1.46761560    
         361   1.46919036    
         366   1.46831739    
         371   1.47005296    
         376   1.46872568    
         381   1.46813440    
         386   1.46715331    
         391   1.46952033    
         396   1.46885300    
         401   1.47002614    
         406   1.46893275    
         411   1.46674943    
         416   1.46999431    
         421   1.46831799    
         426   1.46820617    
         431   1.46885383    
         436   1.46892118    
         441   1.46610999    
         446   1.47020531    
         451   1.46667397    
         456   1.46861243    
         461   1.47040677    
         466   1.46857762    
         471   1.46856308    
         476   1.46899033    
         481   1.46659327    
         486   1.46585727    
         491   1.46643937    
         496   1.46752512    
         501   1.47069800    
         506   1.47000861    
         511   1.46895266    
         516   1.46790147    
         521   1.46846187    
         526   1.46876764    
         531   1.46700883    
         536   1.46602762    
         541   1.46929288    
         546   1.46936142    
         551   1.46824992    
         556   1.46799219    
         561   1.47029662    
         566   1.46502960    
         571   1.46791255    
         576   1.46802163    
         581   1.46672618    
         586   1.46965694    
         591   1.46932483    
         596   1.46871161    
         601   1.46698880    
         606   1.46652520    
         611   1.46629918    
         616   1.46964824    
         621   1.46647167    
         626   1.46594203    
         631   1.46915710    
         636   1.46924210    
         641   1.46955073    
         646   1.46958065    
         651   1.46881914    
         656   1.46964514    
         661   1.46961534    
         666   1.46772826    
         671   1.46903193    
         676   1.46389651    
         681   1.47047234    
         686   1.46950436    
         691   1.46872711    
         696   1.46844363    
         701   1.46543288    
         706   1.47012544    
         711   1.46874595    
         716   1.47031021    
         721   1.46864510    
         726   1.46997702    
         731   1.46641684    
         736   1.46895766    
         741   1.46487856    
         746   1.46897864    
         751   1.46690917    
         756   1.46951246    
         761   1.46863568    
         766   1.46831036    
         771   1.46617794    
         776   1.47030425    
         781   1.46559739    
         786   1.46840811    
         791   1.46793616    
         796   1.46911395    
         801   1.46828806    
         806   1.46641624    
         811   1.46865797    
         816   1.46589363    
         821   1.46937299    
         826   1.47075772    
         831   1.46964622    
         836   1.46592522    
         841   1.46909261    
         846   1.46704674    
         851   1.46748161    
         856   1.46876287    
         861   1.47035635    
         866   1.46815181    
         871   1.46961951    
         876   1.46943665    
         881   1.46814430    
         886   1.46990967    
         891   1.46756613    
         896   1.46613252    
         901   1.46931314    
         906   1.46932888    
         911   1.47100818    
         916   1.46743274    
         921   1.46981847    
         926   1.47056246    
         931   1.46874595    
         936   1.46626294    
         941   1.46837449    
         946   1.46769762    
         951   1.46909165    
         956   1.47019410    
         961   1.46627092    
         966   1.46778655    
         971   1.46933055    
         976   1.47074819    
         981   1.47039020    
         986   1.46573293    
         991   1.46962643    
         996   1.46696651    
        1001   1.46903193    
        1006   1.46979952    
        1011   1.46820593    
        1016   1.46670938    
        1021   1.47031069    
        1026   1.46657670    
        1031   1.46881461    
        1036   1.47138071    
        1041   1.46602428    
        1046   1.46894205    
        1051   1.46819878    
        1056   1.46685958    
        1061   1.46643710    
        1066   1.46897066    
        1071   1.46793425    
        1076   1.46962225    
        1081   1.47010899    
        1086   1.46896923    
        1091   1.46624696    
        1096   1.46813440    
        1101   1.46775198    
        1106   1.46925378    
        1111   1.46661115    
        1116   1.46802938    
        1121   1.46782053    
        1126   1.46908188    
        1131   1.46948898    
        1136   1.46925712    
        1141   1.46914244    
        1146   1.46952438    
        1151   1.46170938    
        1156   1.47017372    
        1161   1.46963251    
        1166   1.47083044    
        1171   1.46439087    
        1176   1.47009301    
        1181   1.46789241    
        1186   1.46740913    
        1191   1.46935260    
        1196   1.46642387    
        1201   1.46745420    
        1206   1.47082329    
        1211   1.46994936    
        1216   1.47077417    
        1221   1.46701288    
        1226   1.46765685    
        1231   1.46975195    
        1236   1.46524096    
        1241   1.47029328    
        1246   1.46316648    
        1251   1.47006631    
        1256   1.46446466    
        1261   1.46618927    
        1266   1.46833026    
        1271   1.46975267    
        1276   1.46935010    
        1281   1.46932602    
        1286   1.46818042    
        1291   1.46823561    
        1296   1.47025764    
        1301   1.46942925    
        1306   1.46689415    
        1311   1.46913898    
        1316   1.47081590    
        1321   1.47010696    
        1326   1.46572065    
        1331   1.46976304    
        1336   1.46661305    
        1341   1.47008181    
        1346   1.46817327    
        1351   1.46874440    
        1356   1.46875393    
        1361   1.46988583    
        1366   1.46815562    
        1371   1.46672583    
        1376   1.46773183    
        1381   1.46761382    
        1386   1.47084105    
        1391   1.46853662    
        1396   1.46832871    
        1401   1.46854842    
        1406   1.47014463    
        1411   1.46641183    
        1416   1.47008264    
        1421   1.46869910    
        1426   1.46714973    
        1431   1.46995807    
        1436   1.46974075    
        1441   1.46923733    
        1446   1.46865344    
        1451   1.46779799    
        1456   1.46966815    
        1461   1.46994472    
        1466   1.46729815    
        1471   1.47017169    
        1476   1.46781576    
        1481   1.47112644    
        1486   1.46838760    
        1491   1.46802306    
        1496   1.46779931    
        1501   1.46964908    
        1506   1.46938372    
        1511   1.46726298    
        1516   1.46854341    
        1521   1.46709895    
        1526   1.46908522    
        1531   1.46471000    
        1536   1.47064459    
        1541   1.47063076    
        1546   1.46735263    
        1551   1.46572876    
        1556   1.46857917    
        1561   1.46827817    
        1566   1.46912825    
        1571   1.46856165    
        1576   1.46753597    
        1581   1.46592891    
        1586   1.47013617    
        1591   1.46812797    
        1596   1.46683693    
        1601   1.46944475    
        1606   1.46717262    
        1611   1.46501660    
        1616   1.46200252    
        1621   1.46775496    
        1626   1.46794510    
        1631   1.46969151    
        1636   1.46369565    
        1641   1.46631765    
        1646   1.46560335    
        1651   1.47036815    
        1656   1.46822095    
        1661   1.46666539    
        1666   1.46917820    
        1671   1.46903014    
        1676   1.46886396    
        1681   1.46740794    
        1686   1.46420610    
        1691   1.46821249    
        1696   1.46609187    
        1701   1.46602964    
        1706   1.47032869    
        1711   1.46815825    
        1716   1.46584260    
        1721   1.46670389    
        1726   1.46715057    
        1731   1.46427608    
        1736   1.46534705    
        1741   1.46975088    
        1746   1.46625745    
        1751   1.46803570    
        1756   1.46790266    
        1761   1.46902430    
        1766   1.46555984    
        1771   1.46963167    
        1776   1.46918643    
        1781   1.46695042    
        1786   1.46752119    
        1791   1.46923542    
        1796   1.46852481    
        1801   1.46781254    
        1806   1.46581280    
        1811   1.46817970    
        1816   1.46910763    
        1821   1.46759558    
        1826   1.46678543    
        1831   1.46807528    
        1836   1.46910429    
        1841   1.46853232    
        1846   1.46783781    
        1851   1.47055244    
        1856   1.47036231    
        1861   1.47084308    
        1866   1.46836114    
        1871   1.46673167    
        1876   1.46820998    
        1881   1.46692228    
        1886   1.46829915    
        1891   1.46667731    
        1896   1.46945572    
        1901   1.46765161    
        1906   1.46908188    
        1911   1.46946263    
        1916   1.46831489    
        1921   1.47046387    
        1926   1.46768820    
        1931   1.46642601    
        1936   1.46881485    
        1941   1.46691430    
        1946   1.47030222    
        1951   1.46534956    
        1956   1.46805215    
        1961   1.46843386    
        1966   1.46712947    
        1971   1.46653116    
        1976   1.46892381    
        1981   1.46605206    
        1986   1.46853065    
        1991   1.46881795    
        1996   1.46950233    
        2001   1.47107303    
        2006   1.46791220    
        2011   1.46642625    
        2016   1.46819949    
        2021   1.46492553    
        2026   1.46760178    
        2031   1.46843004    
        2036   1.46830797    
        2041   1.46920085    
        2046   1.46844018    
        2051   1.47013521    
        2056   1.47050130    
        2061   1.46888435    
        2066   1.46804047    
        2071   1.46685255    
        2076   1.46670735    
        2081   1.46569216    
        2086   1.46836424    
        2091   1.46949363    
        2096   1.47069871    
        2101   1.47041070    
        2106   1.46557188    
        2111   1.46520627    
        2116   1.46769094    
        2121   1.46906710    
        2126   1.46697927    
        2131   1.46972275    
        2136   1.46863580    
        2141   1.46899390    
        2146   1.46852183    
        2151   1.46627426    
        2156   1.46964610    
        2161   1.46636486    
        2166   1.46323228    
        2171   1.47060764    
        2176   1.46640921    
        2181   1.46855998    
        2186   1.46916735    
        2191   1.46995378    
        2196   1.46842337    
        2201   1.47049463    
        2206   1.46828008    
        2211   1.46756124    
        2216   1.46412385    
        2221   1.46827877    
        2226   1.46550417    
        2231   1.46689415    
        2236   1.46607697    
        2241   1.46993399    
        2246   1.46796250    
        2251   1.47003162    
        2256   1.46961081    
        2261   1.46491385    
        2266   1.47002912    
        2271   1.46832609    
        2276   1.46653509    
        2281   1.47064006    
        2286   1.46797061    
        2291   1.46463633    
        2296   1.46879160    
        2301   1.46519852    
        2306   1.46877658    
        2311   1.46834242    
        2316   1.46741581    
        2321   1.46608889    
        2326   1.46917081    
        2331   1.46917975    
        2336   1.46878564    
        2341   1.46668565    
        2346   1.47012746    
        2351   1.46767986    
        2356   1.46789265    
        2361   1.46661603    
        2366   1.46999407    
        2371   1.47037899    
        2376   1.46884453    
        2381   1.46827507    
        2386   1.46801710    
        2391   1.46837175    
        2396   1.46865416    
        2401   1.46897697    
        2406   1.46780801    
        2411   1.46754003    
        2416   1.46920896    
        2421   1.46939778    
        2426   1.47077966    
        2431   1.46864665    
        2436   1.46941662    
        2441   1.46790457    
        2446   1.46973538    
        2451   1.46826601    
        2456   1.46950006    
        2461   1.46740806    
        2466   1.46828949    
        2471   1.47050214    
        2476   1.46721375    
        2481   1.46698737    
        2486   1.46699309    
        2491   1.46672654    
        2496   1.47102475    
        2501   1.46834373    
        2506   1.47122908    
        2511   1.46693802    
        2516   1.46950448    
        2521   1.46952689    
        2526   1.46797812    
        2531   1.46952009    
        2536   1.47062421    
        2541   1.46782172    
        2546   1.47014260    
        2551   1.46939611    
        2556   1.46883357    
        2561   1.47087801    
        2566   1.46562183    
        2571   1.47045887    
        2576   1.46888733    
        2581   1.46875882    
        2586   1.46965230    
        2591   1.46742320    
        2596   1.46446979    
        2601   1.46932554    
        2606   1.46988404    
        2611   1.47100544    
        2616   1.46916330    
        2621   1.47060156    
        2626   1.46881413    
        2631   1.46774113    
        2636   1.46683383    
        2641   1.46828771    
        2646   1.46819592    
        2651   1.47030139    
        2656   1.46695828    
        2661   1.45932376    
        2666   1.47043777    
        2671   1.46955490    
        2676   1.46887541    
        2681   1.46830404    
        2686   1.46797514    
        2691   1.47041368    
        2696   1.46766663    
        2701   1.46830189    
        2706   1.46906340    
        2711   1.47067833    
        2716   1.46937799    
        2721   1.46977139    
        2726   1.47024620    
        2731   1.46813393    
        2736   1.46921539    
        2741   1.46435142    
        2746   1.46741283    
        2751   1.46776593    
        2756   1.46874261    
        2761   1.46978712    
        2766   1.46935689    
        2771   1.46979606    
        2776   1.46845138    
        2781   1.46906090    
        2786   1.46871507    
        2791   1.47035015    
        2796   1.46783519    
        2801   1.46574783    
        2806   1.46762002    
        2811   1.46893525    
        2816   1.46875262    
        2821   1.46977818    
        2826   1.46807551    
        2831   1.46759045    
        2836   1.47022355    
        2841   1.46912861    
        2846   1.46392953    
        2851   1.46825111    
        2856   1.46441150    
        2861   1.46853888    
        2866   1.46654308    
        2871   1.46938848    
        2876   1.47039533    
        2881   1.46635914    
        2886   1.46640003    
        2891   1.46971476    
        2896   1.46788943    
        2901   1.46632719    
        2906   1.46654201    
        2911   1.46814942    
        2916   1.46963000    
        2921   1.46880019    
        2926   1.46930921    
        2931   1.46392512    
        2936   1.46857488    
        2941   1.46903408    
        2946   1.46727622    
        2951   1.46700883    
        2956   1.46657610    
        2961   1.46722996    
        2966   1.46997845    
        2971   1.46811438    
        2976   1.46891499    
        2981   1.46639490    
        2986   1.46864724    
        2991   1.46818221    
        2996   1.46987677    
        3001   1.46406484    
        3006   1.47029233    
        3011   1.46804154    
        3016   1.46652138    
        3021   1.46362662    
        3026   1.46777904    
        3031   1.46823466    
        3036   1.46765292    
        3041   1.47025907    
        3046   1.47011447    
        3051   1.46783185    
        3056   1.46665192    
        3061   1.46713305    
        3066   1.46626163    
        3071   1.46929526    
        3076   1.46661615    
        3081   1.47055340    
        3086   1.46676922    
        3091   1.46892107    
        3096   1.46763647    
        3101   1.46784616    
        3106   1.46994805    
        3111   1.46772206    
        3116   1.47003138    
        3121   1.46552992    
        3126   1.46826053    
        3131   1.47027874    
        3136   1.46973741    
        3141   1.46809840    
        3146   1.46889675    
        3151   1.46763539    
        3156   1.46573520    
        3161   1.46803045    
        3166   1.46703982    
        3171   1.47074866    
        3176   1.46734309    
        3181   1.47019005    
        3186   1.46807218    
        3191   1.46759105    
        3196   1.46982336    
        3201   1.47052228    
        3206   1.46883726    
        3211   1.46693850    
        3216   1.46925426    
        3221   1.46528840    
        3226   1.46813488    
        3231   1.46427321    
        3236   1.46919024    
        3241   1.46868777    
        3246   1.46971536    
        3251   1.46917093    
        3256   1.46892023    
        3261   1.46593666    
        3266   1.46861911    
        3271   1.46701086    
        3276   1.46709454    
        3281   1.46462381    
        3286   1.46991277    
        3291   1.46791828    
        3296   1.46978331    
        3301   1.46903729    
        3306   1.46634817    
        3311   1.46877337    
        3316   1.46874356    
        3321   1.46774042    
        3326   1.46939218    
        3331   1.46716809    
        3336   1.46706653    
        3341   1.46925259    
        3346   1.46925855    
        3351   1.46928680    
        3356   1.47051799    
        3361   1.46725702    
        3366   1.46741712    
        3371   1.47037554    
        3376   1.47055554    
        3381   1.47072053    
        3386   1.46309221    
        3391   1.46896625    
        3396   1.47042882    
        3401   1.46915567    
        3406   1.46689916    
        3411   1.46479571    
        3416   1.47040200    
        3421   1.46715140    
        3426   1.47075653    
        3431   1.46729589    
        3436   1.46757364    
        3441   1.46929407    
        3446   1.46818995    
        3451   1.46662450    
        3456   1.46553779    
        3461   1.46929920    
        3466   1.46687675    
        3471   1.46888745    
        3476   1.46597481    
        3481   1.46944070    
        3486   1.46765852    
        3491   1.46553218    
        3496   1.46771443    
        3501   1.46526051    
        3506   1.46893072    
        3511   1.47077048    
        3516   1.46909404    
        3521   1.46907139    
        3526   1.46590304    
        3531   1.46901000    
        3536   1.46725905    
        3541   1.46752906    
        3546   1.46539116    
        3551   1.47070873    
        3556   1.46868038    
        3561   1.47021019    
        3566   1.46732974    
        3571   1.46955109    
        3576   1.46600032    
        3581   1.46845984    
        3586   1.46853924    
        3591   1.47042620    
        3596   1.46963429    
        3601   1.47086358    
        3606   1.46899128    
        3611   1.46829975    
        3616   1.47004724    
        3621   1.47013092    
        3626   1.47083235    
        3631   1.46870363    
        3636   1.46861196    
        3641   1.46569514    
        3646   1.46897995    
        3651   1.46486330    
        3656   1.46966171    
        3661   1.46949208    
        3666   1.46966064    
        3671   1.46998751    
        3676   1.46840453    
        3681   1.46923196    
        3686   1.46891999    
        3691   1.46770668    
        3696   1.46727109    
        3701   1.47010362    
        3706   1.46863317    
        3711   1.46876097    
        3716   1.46938777    
        3721   1.46474743    
        3726   1.46634960    
        3731   1.46835160    
        3736   1.46731830    
        3741   1.46696472    
        3746   1.46982729    
        3751   1.46937346    
        3756   1.46714187    
        3761   1.46504676    
        3766   1.46950150    
        3771   1.46909273    
        3776   1.47078586    
        3781   1.46699810    
        3786   1.47123575    
        3791   1.46603763    
        3796   1.46674204    
        3801   1.46754611    
        3806   1.46773612    
        3811   1.46907163    
        3816   1.46545076    
        3821   1.46992958    
        3826   1.47070360    
        3831   1.46898806    
        3836   1.47024035    
        3841   1.47096705    
        3846   1.47005653    
        3851   1.47056508    
        3856   1.46745241    
        3861   1.46862197    
        3866   1.46943986    
        3871   1.46909070    
        3876   1.46891522    
        3881   1.46912396    
        3886   1.46865487    
        3891   1.46702516    
        3896   1.46882737    
        3901   1.47014403    
        3906   1.46779943    
        3911   1.46613479    
        3916   1.46482897    
        3921   1.47087872    
        3926   1.46855569    
        3931   1.46630597    
        3936   1.46918201    
        3941   1.46902311    
        3946   1.47044873    
        3951   1.46750963    
        3956   1.46689785    
        3961   1.46861303    
        3966   1.46968973    
        3971   1.47028542    
        3976   1.47124290    
        3981   1.46814799    
        3986   1.46947098    
        3991   1.46749020    
        3996   1.47008085    
        4001   1.47030962    
        4006   1.47044516    
        4011   1.46732783    
        4016   1.46807170    
        4021   1.46683013    
        4026   1.46793139    
        4031   1.46883750    
        4036   1.46993518    
        4041   1.46694565    
        4046   1.46911359    
        4051   1.46763599    
        4056   1.46956480    
        4061   1.46355247    
        4066   1.46941793    
        4071   1.46919012    
        4076   1.46578622    
        4081   1.46881211    
        4086   1.46733892    
        4091   1.46980989    
        4096   1.46992576    
        4101   1.46762049    
        4106   1.46880507    
        4111   1.46784103    
        4116   1.47061265    
        4121   1.46783698    
        4126   1.46808231    
        4131   1.46908796    
        4136   1.46898389    
        4141   1.46926677    
        4146   1.46589148    
        4151   1.46938455    
        4156   1.46900213    
        4161   1.46921968    
        4166   1.46926117    
        4171   1.46904075    
        4176   1.46927249    
        4181   1.46762598    
        4186   1.46699095    
        4191   1.46634793    
        4196   1.46960664    
        4201   1.46954620    
        4206   1.46852207    
        4211   1.46944475    
        4216   1.46830273    
        4221   1.47073722    
        4226   1.46788406    
        4231   1.46988833    
        4236   1.46902418    
        4241   1.46337998    
        4246   1.46979117    
        4251   1.46946597    
        4256   1.46686196    
        4261   1.46722186    
        4266   1.46960258    
        4271   1.46891785    
        4276   1.46872997    
        4281   1.46683502    
        4286   1.46973276    
        4291   1.46803641    
        4296   1.46891761    
        4301   1.46835899    
        4306   1.46908641    
        4311   1.46664453    
        4316   1.47040272    
        4321   1.46931243    
        4326   1.47026873    
        4331   1.46881115    
        4336   1.46842718    
        4341   1.47008586    
        4346   1.46292067    
        4351   1.46888137    
        4356   1.46914649    
        4361   1.46704888    
        4366   1.46891260    
        4371   1.46925044    
        4376   1.46841121    
        4381   1.46847177    
        4386   1.47012174    
        4391   1.46930408    
        4396   1.46816087    
        4401   1.46978235    
        4406   1.46354723    
        4411   1.46587467    
        4416   1.46782541    
        4421   1.47026265    
        4426   1.46465909    
        4431   1.46947217    
        4436   1.46729612    
        4441   1.47026479    
        4446   1.46985900    
        4451   1.47009921    
        4456   1.46961045    
        4461   1.46779263    
        4466   1.46660125    
        4471   1.46644235    
        4476   1.46970046    
        4481   1.46945179    
        4486   1.46875298    
        4491   1.47082818    
        4496   1.46934414    
        4501   1.46679115    
        4506   1.46952963    
        4511   1.46669030    
        4516   1.46792746    
        4521   1.46716428    
        4526   1.46875119    
        4531   1.46636462    
        4536   1.46746659    
        4541   1.46955788    
        4546   1.46913457    
        4551   1.47031832    
        4556   1.46846247    
        4561   1.46532607    
        4566   1.46751070    
        4571   1.46577632    
        4576   1.46706390    
        4581   1.46723294    
        4586   1.46877539    
        4591   1.46541822    
        4596   1.46809673    
        4601   1.46540010    
        4606   1.46860814    
        4611   1.46985805    
        4616   1.46648848    
        4621   1.46841383    
        4626   1.46832371    
        4631   1.47066402    
        4636   1.46906996    
        4641   1.46737242    
        4646   1.46175003    
        4651   1.46959591    
        4656   1.46414924    
        4661   1.46740651    
        4666   1.46746969    
        4671   1.46928632    
        4676   1.46632338    
        4681   1.46975613    
        4686   1.47044432    
        4691   1.46795416    
        4696   1.47003627    
        4701   1.46766090    
        4706   1.46733141    
        4711   1.46905541    
        4716   1.46751750    
        4721   1.46629035    
        4726   1.46778119    
        4731   1.47027159    
        4736   1.46983862    
        4741   1.46970582    
        4746   1.46724391    
        4751   1.46928036    
        4756   1.46923244    
        4761   1.46761942    
        4766   1.47012949    
        4771   1.46699381    
        4776   1.47003889    
        4781   1.47062290    
        4786   1.46901298    
        4791   1.46638083    
        4796   1.46898615    
        4801   1.46655512    
        4806   1.46806455    
        4811   1.46698618    
        4816   1.46789193    
        4821   1.46841538    
        4826   1.46994066    
        4831   1.46459091    
        4836   1.46631622    
        4841   1.47018337    
        4846   1.46968508    
        4851   1.46856797    
        4856   1.46723974    
        4861   1.46689510    
        4866   1.46837366    
        4871   1.46677637    
        4876   1.46893907    
        4881   1.46872330    
        4886   1.46865010    
        4891   1.46961808    
        4896   1.46923399    
        4901   1.46600080    
        4906   1.46788311    
        4911   1.46765983    
        4916   1.46886694    
        4921   1.46913993    
        4926   1.46953833    
        4931   1.46899164    
        4936   1.46902943    
        4941   1.46737015    
        4946   1.46987152    
        4951   1.46865582    
        4956   1.47039735    
        4961   1.47051954    
        4966   1.47089100    
        4971   1.47014737    
        4976   1.46707034    
        4981   1.46549284    
        4986   1.47046828    
        4991   1.46881557    
        4996   1.46908975    
        5001   1.47021592    
        5006   1.46742737    
        5011   1.47056293    
        5016   1.46422362    
        5021   1.47027683    
        5026   1.46775329    
        5031   1.47090209    
        5036   1.46417546    
        5041   1.46924555    
        5046   1.46961331    
        5051   1.46334195    
        5056   1.46797776    
        5061   1.47042394    
        5066   1.46777439    
        5071   1.46780419    
        5076   1.47022033    
        5081   1.47127247    
        5086   1.46539545    
        5091   1.47020924    
        5096   1.46905816    
        5101   1.46583474    
        5106   1.47036052    
        5111   1.46264744    
        5116   1.46757007    
        5121   1.46817875    
        5126   1.46765089    
        5131   1.47020078    
        5136   1.46758866    
        5141   1.46616936    
        5146   1.47051883    
        5151   1.46770954    
        5156   1.47083569    
        5161   1.46746385    
        5166   1.46899211    
        5171   1.46779418    
        5176   1.46558821    
        5181   1.47105062    
        5186   1.46929979    
        5191   1.46975017    
        5196   1.46960950    
        5201   1.46974838    
        5206   1.46733570    
        5211   1.46750116    
        5216   1.46793532    
        5221   1.47020340    
        5226   1.46956992    
        5231   1.47035384    
        5236   1.46837020    
        5241   1.46557808    
        5246   1.46651733    
        5251   1.46765947    
        5256   1.46584165    
        5261   1.46685815    
        5266   1.46890104    
        5271   1.46821260    
        5276   1.46834493    
        5281   1.46764803    
        5286   1.46741867    
        5291   1.47054195    
        5296   1.46706176    
        5301   1.47128308    
        5306   1.47058105    
        5311   1.46788192    
        5316   1.46619511    
        5321   1.46412468    
        5326   1.47048712    
        5331   1.46853602    
        5336   1.46913862    
        5341   1.46902239    
        5346   1.46688569    
        5351   1.46789098    
        5356   1.46795046    
        5361   1.46884823    
        5366   1.46856058    
        5371   1.46854138    
        5376   1.46595526    
        5381   1.46977282    
        5386   1.46806145    
        5391   1.47013283    
        5396   1.46812439    
        5401   1.46957076    
        5406   1.46964192    
        5411   1.46710384    
        5416   1.46843982    
        5421   1.46960664    
        5426   1.46333885    
        5431   1.46755779    
        5436   1.46738935    
        5441   1.46944261    
        5446   1.46924794    
        5451   1.46926785    
        5456   1.46766770    
        5461   1.46935487    
        5466   1.46607566    
        5471   1.47119498    
        5476   1.46838796    
        5481   1.46757555    
        5486   1.46991444    
        5491   1.46615970    
        5496   1.46950626    
        5501   1.46719503    
        5506   1.46772456    
        5511   1.46623206    
        5516   1.46630239    
        5521   1.46896136    
        5526   1.46899700    
        5531   1.46755779    
        5536   1.46943438    
        5541   1.46975946    
        5546   1.46822274    
        5551   1.46971989    
        5556   1.46797299    
        5561   1.46863294    
        5566   1.47080016    
        5571   1.46955156    
        5576   1.46366525    
        5581   1.46870828    
        5586   1.46996093    
        5591   1.46973062    
        5596   1.46916723    
        5601   1.46428406    
        5606   1.46522248    
        5611   1.46992719    
        5616   1.46838856    
        5621   1.46945143    
        5626   1.46551824    
        5631   1.46856153    
        5636   1.46769798    
        5641   1.46901727    
        5646   1.47079182    
        5651   1.46999431    
        5656   1.46590817    
        5661   1.47039342    
        5666   1.46667242    
        5671   1.46615946    
        5676   1.47043884    
        5681   1.46927965    
        5686   1.47087467    
        5691   1.46601176    
        5696   1.46866739    
        5701   1.47055185    
        5706   1.47022092    
        5711   1.47062433    
        5716   1.46866870    
        5721   1.46800208    
        5726   1.46663594    
        5731   1.46702123    
        5736   1.46980107    
        5741   1.46893573    
        5746   1.46992540    
        5751   1.46873772    
        5756   1.46971071    
        5761   1.46952820    
        5766   1.46926272    
        5771   1.46864510    
        5776   1.46766675    
        5781   1.46417022    
        5786   1.46605062    
        5791   1.46858788    
        5796   1.46773350    
        5801   1.46566617    
        5806   1.46735859    
        5811   1.46707463    
        5816   1.46825933    
        5821   1.46807885    
        5826   1.47115326    
        5831   1.46925402    
        5836   1.47072816    
        5841   1.46564126    
        5846   1.46675277    
        5851   1.46922922    
        5856   1.46786880    
        5861   1.46439826    
        5866   1.47057283    
        5871   1.46922183    
        5876   1.46954298    
        5881   1.46915722    
        5886   1.46670973    
        5891   1.47070169    
        5896   1.46476161    
        5901   1.46865213    
        5906   1.46908128    
        5911   1.46893764    
        5916   1.46781731    
        5921   1.47026753    
        5926   1.46853530    
        5931   1.47008443    
        5936   1.46456504    
        5941   1.46641660    
        5946   1.46789086    
        5951   1.46877575    
        5956   1.46772981    
        5961   1.46843898    
        5966   1.47038496    
        5971   1.46525168    
        5976   1.46918356    
        5981   1.46790433    
        5986   1.46722722    
        5991   1.47007835    
        5996   1.46826625    
        6001   1.46879315    
        6006   1.46736193    
        6011   1.46765184    
        6016   1.46827543    
        6021   1.46878541    
        6026   1.46742916    
        6031   1.46995282    
        6036   1.46961653    
        6041   1.46889305    
        6046   1.46738839    
        6051   1.47035372    
        6056   1.47077048    
        6061   1.46774292    
        6066   1.46773624    
        6071   1.46961367    
        6076   1.46762526    
        6081   1.46920705    
        6086   1.47060645    
        6091   1.46861100    
        6096   1.46864343    
        6101   1.46784675    
        6106   1.46829057    
        6111   1.46936965    
        6116   1.46820724    
        6121   1.46869779    
        6126   1.46858668    
        6131   1.46854532    
        6136   1.46789312    
        6141   1.46836531    
        6146   1.46652126    
        6151   1.46787763    
        6156   1.46813393    
        6161   1.46806800    
        6166   1.46425271    
        6171   1.46878970    
        6176   1.46773362    
        6181   1.46998179    
        6186   1.46827960    
        6191   1.46660781    
        6196   1.46904230    
        6201   1.46707225    
        6206   1.46852183    
        6211   1.46837866    
        6216   1.46929252    
        6221   1.46914423    
        6226   1.46323049    
        6231   1.47036219    
        6236   1.46880507    
        6241   1.46657014    
        6246   1.46738231    
        6251   1.46946311    
        6256   1.46745896    
        6261   1.46639240    
        6266   1.46944797    
        6271   1.46965170    
        6276   1.46949172    
        6281   1.46728289    
        6286   1.46911454    
        6291   1.46790361    
        6296   1.46824241    
        6301   1.46989846    
        6306   1.46992815    
        6311   1.46417975    
        6316   1.46888220    
        6321   1.46967864    
        6326   1.46961880    
        6331   1.46874917    
        6336   1.46620178    
        6341   1.46867609    
        6346   1.46632159    
        6351   1.46591842    
        6356   1.46789098    
        6361   1.46957600    
        6366   1.46812415    
        6371   1.46714747    
        6376   1.47104442    
        6381   1.46858430    
        6386   1.46792126    
        6391   1.46982169    
        6396   1.46868527    
        6401   1.46708524    
        6406   1.46577847    
        6411   1.46828330    
        6416   1.46940446    
        6421   1.46921802    
        6426   1.46828771    
        6431   1.46957123    
        6436   1.46849704    
        6441   1.46548164    
        6446   1.47075582    
        6451   1.46744406    
        6456   1.46932721    
        6461   1.46853888    
        6466   1.46813071    
        6471   1.46763968    
        6476   1.46672702    
        6481   1.46886909    
        6486   1.46826720    
        6491   1.46951818    
        6496   1.46788609    
        6501   1.47013950    
        6506   1.46977329    
        6511   1.46817446    
        6516   1.47040129    
        6521   1.46910310    
        6526   1.46889043    
        6531   1.46790826    
        6536   1.46994650    
        6541   1.46998525    
        6546   1.46163452    
        6551   1.46726203    
        6556   1.46651268    
        6561   1.46525788    
        6566   1.46854818    
        6571   1.46975434    
        6576   1.46813226    
        6581   1.47093058    
        6586   1.46947384    
        6591   1.46761847    
        6596   1.46762550    
        6601   1.46652269    
        6606   1.46641827    
        6611   1.46973896    
        6616   1.46834052    
        6621   1.46962965    
        6626   1.47010159    
        6631   1.46714842    
        6636   1.46653605    
        6641   1.46639800    
        6646   1.46974456    
        6651   1.46959567    
        6656   1.46893907    
        6661   1.46589315    
        6666   1.46551061    
        6671   1.46725392    
        6676   1.46576381    
        6681   1.47074986    
        6686   1.46801150    
        6691   1.47007060    
        6696   1.47083414    
        6701   1.46721673    
        6706   1.46488142    
        6711   1.46758544    
        6716   1.46703303    
        6721   1.46770334    
        6726   1.46740556    
        6731   1.46988606    
        6736   1.46804118    
        6741   1.46997690    
        6746   1.47034168    
        6751   1.47048795    
        6756   1.46854341    
        6761   1.46681178    
        6766   1.46922481    
        6771   1.47110355    
        6776   1.46990240    
        6781   1.46792531    
        6786   1.46907008    
        6791   1.46845222    
        6796   1.46972156    
        6801   1.46770811    
        6806   1.46816874    
        6811   1.46980548    
        6816   1.46741891    
        6821   1.46860766    
        6826   1.46585202    
        6831   1.46913218    
        6836   1.46846783    
        6841   1.46697557    
        6846   1.46620464    
        6851   1.46740389    
        6856   1.46948147    
        6861   1.46553302    
        6866   1.46675086    
        6871   1.47059238    
        6876   1.46879780    
        6881   1.46731806    
        6886   1.46897912    
        6891   1.47039020    
        6896   1.47010589    
        6901   1.46864033    
        6906   1.46932530    
        6911   1.46898484    
        6916   1.46753001    
        6921   1.46785378    
        6926   1.46695459    
        6931   1.47072697    
        6936   1.47050261    
        6941   1.46990895    
        6946   1.46677291    
        6951   1.46892107    
        6956   1.46827948    
        6961   1.46980262    
        6966   1.46693993    
        6971   1.46825027    
        6976   1.46698380    
        6981   1.46918440    
        6986   1.47030234    
        6991   1.46762836    
        6996   1.46975899    
        7001   1.46586442    
        7006   1.46901512    
        7011   1.46565115    
        7016   1.47022605    
        7021   1.46911228    
        7026   1.46916938    
        7031   1.46530640    
        7036   1.46396780    
        7041   1.46487606    
        7046   1.46818876    
        7051   1.47044384    
        7056   1.46743894    
        7061   1.46654749    
        7066   1.46923041    
        7071   1.46952629    
        7076   1.46874976    
        7081   1.46821165    
        7086   1.46760654    
        7091   1.46523261    
        7096   1.46424818    
        7101   1.46958017    
        7106   1.46863186    
        7111   1.46809745    
        7116   1.46543980    
        7121   1.46806335    
        7126   1.46802318    
        7131   1.46908641    
        7136   1.46905041    
        7141   1.46861100    
        7146   1.46673512    
        7151   1.46746457    
        7156   1.46732938    
        7161   1.46992207    
        7166   1.46057701    
        7171   1.46938241    
        7176   1.47053671    
        7181   1.46795034    
        7186   1.46735406    
        7191   1.46963799    
        7196   1.46856117    
        7201   1.46806657    
        7206   1.46988285    
        7211   1.46878052    
        7216   1.46743846    
        7221   1.46798611    
        7226   1.46895564    
        7231   1.46433616    
        7236   1.46992993    
        7241   1.47054315    
        7246   1.47029948    
        7251   1.46801329    
        7256   1.46928465    
        7261   1.46973825    
        7266   1.46386933    
        7271   1.46587753    
        7276   1.46872640    
        7281   1.46979558    
        7286   1.46875787    
        7291   1.46658063    
        7296   1.46992230    
        7301   1.46795559    
        7306   1.46459794    
        7311   1.46656156    
        7316   1.46970403    
        7321   1.46997869    
        7326   1.46597576    
        7331   1.46718359    
        7336   1.46795535    
        7341   1.46830332    
        7346   1.46781218    
        7351   1.46617031    
        7356   1.46742928    
        7361   1.46479297    
        7366   1.46857798    
        7371   1.46209919    
        7376   1.46894503    
        7381   1.46490479    
        7386   1.46697664    
        7391   1.47053540    
        7396   1.46585226    
        7401   1.46633744    
        7406   1.46862650    
        7411   1.46861124    
        7416   1.46937609    
        7421   1.46996915    
        7426   1.46994817    
        7431   1.47022378    
        7436   1.46780062    
        7441   1.46857405    
        7446   1.46748829    
        7451   1.46989679    
        7456   1.46301401    
        7461   1.46938336    
        7466   1.46957982    
        7471   1.46731448    
        7476   1.47114515    
        7481   1.47043514    
        7486   1.47006989    
        7491   1.46975541    
        7496   1.46986866    
        7501   1.46370935    
        7506   1.46981990    
        7511   1.47067451    
        7516   1.46763802    
        7521   1.46951520    
        7526   1.46976519    
        7531   1.47074592    
        7536   1.46989942    
        7541   1.47064090    
        7546   1.46995389    
        7551   1.46505153    
        7556   1.46625519    
        7561   1.46876669    
        7566   1.46454597    
        7571   1.47061443    
        7576   1.46934438    
        7581   1.46912384    
        7586   1.46842170    
        7591   1.47006691    
        7596   1.47052610    
        7601   1.46915019    
        7606   1.46782029    
        7611   1.46921337    
        7616   1.46272755    
        7621   1.46924460    
        7626   1.46931851    
        7631   1.46989667    
        7636   1.46832180    
        7641   1.46653700    
        7646   1.46645355    
        7651   1.46329880    
        7656   1.47038126    
        7661   1.46982920    
        7666   1.46645129    
        7671   1.46887279    
        7676   1.46819901    
        7681   1.46951640    
        7686   1.46996546    
        7691   1.46673894    
        7696   1.46969807    
        7701   1.46765411    
        7706   1.47018754    
        7711   1.46798253    
        7716   1.46790898    
        7721   1.46976388    
        7726   1.47055864    
        7731   1.46544933    
        7736   1.46983397    
        7741   1.46886563    
        7746   1.46854007    
        7751   1.46737981    
        7756   1.46881127    
        7761   1.46978450    
        7766   1.46901751    
        7771   1.46871233    
        7776   1.46968007    
        7781   1.46865594    
        7786   1.46792197    
        7791   1.46971071    
        7796   1.46633399    
        7801   1.46640670    
        7806   1.47023845    
        7811   1.46716464    
        7816   1.46884167    
        7821   1.46809924    
        7826   1.46782959    
        7831   1.46841240    
        7836   1.46999562    
        7841   1.46773553    
        7846   1.46986628    
        7851   1.46999371    
        7856   1.46365905    
        7861   1.46663821    
        7866   1.46847057    
        7871   1.46834886    
        7876   1.46820307    
        7881   1.46858954    
        7886   1.46610534    
        7891   1.46812630    
        7896   1.46957970    
        7901   1.46808720    
        7906   1.46943724    
        7911   1.46717513    
        7916   1.46897435    
        7921   1.46823263    
        7926   1.46547747    
        7931   1.46864593    
        7936   1.46804452    
        7941   1.46957183    
        7946   1.46717560    
        7951   1.46544564    
        7956   1.47026455    
        7961   1.46722043    
        7966   1.46977103    
        7971   1.46617520    
        7976   1.47001529    
        7981   1.46773291    
        7986   1.46860754    
        7991   1.47075653    
        7996   1.46907830    
        8001   1.46580458    
        8006   1.46982193    
        8011   1.46781206    
        8016   1.47005403    
        8021   1.46937656    
        8026   1.46937239    
        8031   1.46741319    
        8036   1.46579027    
        8041   1.46102250    
        8046   1.46804440    
        8051   1.46979594    
        8056   1.47035658    
        8061   1.46805286    
        8066   1.47061908    
        8071   1.46788597    
        8076   1.47122192    
        8081   1.46983659    
        8086   1.46709895    
        8091   1.46786880    
        8096   1.46968639    
        8101   1.46967876    
        8106   1.46727633    
        8111   1.46895790    
        8116   1.46970034    
        8121   1.46856213    
        8126   1.46521378    
        8131   1.46867096    
        8136   1.46691263    
        8141   1.46917808    
        8146   1.46864128    
        8151   1.46882963    
        8156   1.46659887    
        8161   1.46981859    
        8166   1.46889102    
        8171   1.46867490    
        8176   1.46719944    
        8181   1.47118068    
        8186   1.47001970    
        8191   1.47014403    
        8196   1.46851635    
        8201   1.46775222    
        8206   1.46648717    
        8211   1.46960378    
        8216   1.46947551    
        8221   1.46886384    
