   6.0248000000001296       0.10000000000000001     
   6.0360000000001355       0.20000000000000001     
   6.0552000000001449       0.30000000000000004     
   6.0824000000001597       0.40000000000000002     
   6.1168000000001772       0.50000000000000000     
   6.1600000000001991       0.60000000000000009     
   6.2112000000002254       0.70000000000000007     
   6.2712000000002561       0.80000000000000004     
   6.3408000000002911       0.90000000000000002     
   6.4208000000003320        1.0000000000000000     
   6.5112000000003789        1.1000000000000001     
   6.6128000000004308        1.2000000000000002     
   6.7272000000004892        1.3000000000000000     
   6.8544000000005543        1.4000000000000001     
   6.9968000000006274        1.5000000000000000     
   7.1560000000007085        1.6000000000000001     
   7.3328000000007991        1.7000000000000002     
   7.5312000000009007        1.8000000000000000     
   7.7528000000010140        1.9000000000000001     
   8.0024000000011419        2.0000000000000000     
