   6.0250330630693938       0.10000000000000001     
   6.0363229438871375       0.20000000000000001     
   6.0551394119167110       0.30000000000000004     
   6.0814824671581134       0.40000000000000002     
   6.1153521096113455       0.50000000000000000     
   6.1567483392764073       0.60000000000000009     
   6.2056711561532971       0.70000000000000007     
   6.2621205602420185       0.80000000000000004     
   6.3260965515425669       0.90000000000000002     
   6.3975991300549460        1.0000000000000000     
   6.4766282957791548        1.1000000000000001     
   6.5631840487151925        1.2000000000000002     
   6.6572663888630590        1.3000000000000000     
   6.7588753162227553        1.4000000000000001     
   6.8680108307942804        1.5000000000000000     
   6.9846729325776362        1.6000000000000001     
   7.1088616215728200        1.7000000000000002     
   7.2405768977798344        1.8000000000000000     
   7.3798187611986759        1.9000000000000001     
   7.5265872118293489        2.0000000000000000     
