   1.0484774738133511E-002
   2.8073585350912752E-002
   3.8403279896834862E-002
   3.8166118598045931E-002
   2.7681891317362976E-002
   1.0497549942002436E-002
   1.0915222721246514E-002
   2.7700210726726137E-002
   3.8123249330117084E-002
   3.8343038244006020E-002
   2.8034643786854996E-002
   1.0463854602065528E-002
   1.0182371350597972E-002
   2.7765043493931055E-002
   3.8219650841006349E-002
   3.8208295693478903E-002
   2.7980558494831456E-002
   1.1205813335218948E-002
   1.0023834818360956E-002
   2.7421230934779568E-002
