   1.4729720346418611E-003
   1.2921147873667042E-003
   9.7148900049440928E-004
   5.9618847210985782E-004
   2.8683935317272045E-004
   1.6580288679822998E-004
   1.7125462863516484E-004
   3.2405557741962873E-004
   6.5127511105148364E-004
   1.0239901738852753E-003
   4.9844209981316327E-003
   1.4850780025205386E-003
   1.4582702392132501E-003
   1.2547681646367253E-003
   9.2057974200979956E-004
   5.4659587385321308E-004
   2.5713181369968143E-004
   1.6277656016318025E-004
   1.7953348332366305E-004
   3.6153465810963254E-004
