   39.530000000000001        0.0000000000000000     
   39.530000000000001        2.4837431519280908E-003
   48.999999843941815        3.0787607907125734E-003
   57.069999856192446        3.5858138457716968E-003
   61.419999660624818        3.8591323943461342E-003
   62.400000635233020        3.9207076715929374E-003
   76.240004477515399        4.7903007595243227E-003
   180.36009775346591        1.1332359162060544E-002
   655.84089427712274        4.1207698707695466E-002
   2412.5552488080116       0.15158531692069510     
   8172.3131575715815       0.51596532272517015     
   25332.647576422049        1.6364045671362744     
   70780.458801532033        4.8943407871553823     
   167898.97752907698        13.827941903454080     
   266903.22825335071        36.441255456792831     
  -252936.56072364165        86.397946185402262     
  -4947070.2193572782        166.52176807886156     
  -30116170.083986938        153.55412334320843     
  -142171893.04555368       -749.68724813297968     
  -591376004.67107308       -6242.8003753236790     
  -2267937733.0410433       -31206.708610640893     
  -8197582839.5736637       -130606.04107114999     
  -28287127806.585342       -495789.76383831538     
  -93965892375.788055       -1763698.8819592844     
  -302271843203.45538       -5979930.8367493469     
  -945788169799.51562       -19522387.651894175     
  -2888403529839.7212       -61783805.649265334     
  -8633589311882.3281       -190468601.71549857     
  -25314768025372.578       -574066818.95788002     
  -72947066479895.641       -1696398433.8052492     
  -206891758059775.25       -4926120795.0334282     
  -578214013039979.88       -14082622309.901787     
  -1593709948005963.5       -39690430227.756798     
  -4334241856783584.0       -110402430571.88246     
  -11631171653638780.       -303298644384.76038     
  -30784614366612912.       -823183227813.11340     
  -80266788434495904.       -2206939246170.4766     
  -2.0573317486477834E+017  -5840342134639.0234     
  -5.1653204448623347E+017  -15233739370658.430     
  -1.2629647579442440E+018  -39068112980182.445     
  -2.9781030171586765E+018  -98122246128572.562     
  -6.6537336865214075E+018  -239821653595950.00     
  -1.3580815603851237E+019  -564408364222838.88     
  -2.2993396071006503E+019  -1254764288189211.5     
  -1.9928550555105927E+019  -2531379487264807.5     
   7.4705086828418384E+019  -4149513841373536.0     
