   9.2400000000000002        0.0000000000000000     
   9.2400000000000002        5.8056632238339388E-004
   13.279997143749886        8.3440682932996179E-004
   17.680001923231011        1.1108672831495194E-003
   19.639918647093776        1.2340124827762205E-003
   10.639642968994684        6.6850848376424118E-004
  -31.911019884742252       -2.0050285127692783E-003
  -124.19161404455346       -1.0286932398324648E-002
  -2.7044624736291962       -2.9974844172150985E-002
   2448.1107566052146       -5.4814721674227990E-002
   18170.509623623242        2.8970595644270899E-002
   93786.311914103120       0.88554305515725507     
   405811.87030707847        5.4690100111488391     
   1569803.9362078349        25.194378779670650     
   5604213.3225537781        100.33117455947644     
   18816222.688130267        363.93434072910964     
   60162125.650735959        1234.2015510381923     
   184815060.88935369        3974.5863230402410     
   549093353.01585031        12281.895926124927     
   1585875528.2672977        36691.617736516833     
   4470617746.8316116        106579.12289806476     
   12341359911.161861        302366.38248422445     
   33450796635.557281        840871.10420298565     
   89209490477.787384        2299058.7232181728     
   234451424810.54547        6194972.9486418813     
   607769153759.13770        16481775.240919271     
   1554301831530.3416        43350295.449829102     
   3917860989813.7373        112783205.97250466     
   9710118237095.4102        290144193.70116889     
   23550434644222.039        736958438.30521739     
   55416260749359.602        1842350563.8956985     
   124527784688998.84        4508245207.3328438     
   258807142135534.00        10697086545.086411     
   459227224215124.19        24204167333.860737     
   498443428047603.88        50516236295.443001     
  -942458421389027.50        89491694365.097366     
  -9563718071783984.0        94268402536.343613     
  -47166395590212512.       -204296381733.15982     
  -1.9156367698959078E+017  -1964382378563.4465     
  -7.0806837292704333E+017  -9599507651449.9473     
  -2.4715174511134423E+018  -38804023025002.156     
  -8.2919081168894976E+018  -142879099963995.12     
  -2.7002162137785815E+019  -496858537727482.44     
  -8.5859684768382616E+019  -1660611690041869.0     
  -2.6762238483805926E+020  -5386743824077152.0     
  -8.1990703273694147E+020  -17061844201930328.     
